297681.279,2800127.238,2028.373
297682.459,2800126.989,2028.359
297681.743,2800127.201,2028.268
297680.099,2800127.689,2028.337
297681.109,2800127.36,2028.553
297682.975,2800126.898,2028.916
297680.874,2800127.474,2028.514
297680.118,2800127.593,2027.983
297682.972,2800126.845,2028.411
297679.622,2800127.689,2028.032
297680.617,2800127.424,2028.332
297679.297,2800127.787,2028.171
297682.592,2800126.94,2028.831
297680.463,2800127.433,2028.492
297680.449,2800127.539,2027.975
297681.225,2800127.333,2028.148
297681.772,2800127.249,2028.448
297680.895,2800127.477,2028.194
297682.3,2800127.06,2028.829
297681.419,2800127.323,2028.613
297681.877,2800127.148,2028.714
297681.003,2800127.402,2028.397
297679.329,2800127.908,2027.756
297682.766,2800126.913,2028.871
297681.616,2800127.151,2028.396
297680.285,2800127.509,2028.108
297682.78,2800126.836,2028.464
297682.337,2800126.954,2028.196
297679.933,2800127.601,2027.962
297679.813,2800127.649,2028.417
297679.641,2800127.696,2027.742
297683.262,2800126.697,2028.708
297681.522,2800127.153,2028.749
297680.785,2800127.343,2028.405
297682.732,2800126.808,2029.022
297683.14,2800126.724,2028.854
297680.052,2800127.531,2028.228
297694.97,2800123.753,2029.977
297684.588,2800126.463,2029.179
297696.144,2800123.404,2030.273
297702.2,2800121.708,2029.24
297683.352,2800126.731,2028.553
297686.183,2800125.909,2029.272
297689.949,2800125.123,2030.147
297702.073,2800121.798,2029.696
297698.016,2800122.881,2030.149
297701.541,2800121.938,2029.346
297698.581,2800122.759,2029.583
297687.91,2800125.688,2029.33
297694.364,2800123.962,2029.955
297693.253,2800124.217,2030.504
297687.29,2800125.812,2029.702
297694.12,2800123.989,2030.008
297699.021,2800122.592,2029.96
297698.841,2800122.593,2029.99
297688.2,2800125.529,2029.444
297700.57,2800122.189,2029.414
297689.402,2800125.248,2030.049
297694.145,2800123.976,2030.404
297690.264,2800124.99,2029.814
297695.86,2800123.449,2030.275
297695.027,2800123.659,2030.4
297689.683,2800125.085,2029.673
297699.552,2800122.45,2029.475
297698.932,2800122.654,2029.581
297696.584,2800123.24,2029.937
297698.304,2800122.792,2030.024
297690.557,2800124.875,2029.851
297695.462,2800123.58,2029.903
297697.737,2800122.966,2030.116
297701.309,2800121.94,2029.311
297699.942,2800122.373,2029.92
297688.564,2800125.455,2029.884
297690.994,2800124.859,2029.881
297687.416,2800125.706,2029.445
297685.215,2800126.291,2029.29
297686.192,2800126.054,2029.47
297691.065,2800124.709,2030.43
297689.188,2800125.191,2030.001
297693.55,2800124.133,2030.255
297696.984,2800123.088,2030.253
297699.346,2800122.532,2029.968
297697.939,2800122.877,2029.949
297691.441,2800124.634,2030.098
297701.704,2800121.842,2029.74
297697.856,2800122.864,2029.612
297685.379,2800126.222,2029.315
297686.787,2800125.786,2029.038
297685.551,2800126.158,2028.884
297699.229,2800122.451,2029.809
297683.528,2800126.674,2028.564
297700.492,2800122.095,2029.976
297686.761,2800125.818,2029.572
297687.413,2800125.582,2029.711
297683.742,2800126.57,2029.106
297689.694,2800125.004,2030.125
297685.007,2800126.263,2029.277
297687.207,2800125.645,2029.491
297697.183,2800123.146,2029.747
297690.541,2800124.985,2030.035
297692.625,2800124.419,2030.393
297688.808,2800125.442,2029.504
297688.615,2800125.47,2029.469
297687.863,2800125.66,2029.718
297699.837,2800122.408,2029.475
297695.502,2800123.602,2030.393
297697.009,2800123.186,2029.78
297695.907,2800123.527,2030.086
297698.62,2800122.781,2030.073
297693.689,2800124.119,2030.51
297697.613,2800123.04,2029.707
297692.793,2800124.384,2030.188
297695.716,2800123.562,2029.9
297690.549,2800124.962,2030.464
297697.546,2800123.044,2030.158
297684.873,2800126.47,2028.783
297702.266,2800121.755,2029.706
297698.046,2800122.945,2029.722
297697.336,2800123.084,2030.179
297701.163,2800122.02,2029.785
297695.668,2800123.557,2030.196
297690.661,2800124.916,2030.231
297690.075,2800124.988,2029.768
297690.8,2800124.811,2029.831
297696.814,2800123.152,2029.656
297692.466,2800124.339,2030.308
297693.423,2800124.157,2030.129
297696.456,2800123.26,2030.2
297683.747,2800126.756,2028.946
297696.298,2800123.277,2030.386
297688.744,2800125.414,2029.935
297684.362,2800126.547,2028.718
297689.293,2800125.182,2029.662
297686.375,2800125.966,2029.102
297690.704,2800124.82,2029.992
297689.88,2800125.099,2029.713
297695.333,2800123.576,2030.194
297699.504,2800122.463,2030.025
297700.479,2800122.147,2029.569
297690.81,2800124.811,2030.174
297698.574,2800122.667,2029.844
297694.715,2800123.808,2030.416
297690.13,2800125.015,2030.178
297701.781,2800121.821,2029.248
297690.433,2800124.93,2029.723
297698.964,2800122.548,2029.744
297702.162,2800121.746,2029.853
297684.28,2800126.577,2029.237
297689.734,2800125.081,2029.88
297684.768,2800126.366,2029.255
297700.838,2800122.086,2029.351
297683.415,2800126.748,2028.956
297687.683,2800125.749,2029.302
297699.981,2800122.297,2029.474
297683.73,2800126.646,2028.603
297697.413,2800122.978,2030.053
297688.6,2800125.294,2029.401
297691.895,2800124.433,2030.014
297698.739,2800122.616,2029.538
297685.002,2800126.282,2028.768
297685.792,2800126.058,2029.347
297690.587,2800124.736,2030.386
297685.856,2800126.07,2029.177
297691.068,2800124.673,2029.802
297689.541,2800125.077,2029.923
297684.314,2800126.398,2029.16
297691.754,2800124.479,2030.226
297693.916,2800123.872,2029.845
297686.141,2800125.919,2029.602
297689.844,2800124.963,2030.262
297690.315,2800124.874,2030.081
297684.341,2800126.464,2028.891
297688.619,2800125.286,2029.977
297684.14,2800126.448,2029.187
297684.755,2800126.278,2028.919
297688.861,2800125.209,2029.64
297683.905,2800126.506,2028.754
297680.648,2800127.488,2028.043
297682.286,2800127.07,2028.347
297700.995,2800122.099,2029.821
297687.593,2800125.564,2029.282
297700.71,2800122.144,2029.778
297694.523,2800123.821,2030.402
297686.979,2800125.781,2029.622
297688.183,2800125.382,2029.828
297689.716,2800125.193,2030.095
297689.478,2800125.224,2029.758
297701.207,2800122.098,2029.371
297696.805,2800123.292,2029.809
297695.236,2800123.655,2030.434
297694.915,2800123.707,2030.157
297688.002,2800125.6,2029.833
297701.889,2800121.802,2029.882
297701.124,2800121.97,2029.569
297693.863,2800124.015,2030.495
297689.047,2800125.192,2029.743
297687.951,2800125.441,2029.544
297687.52,2800125.572,2029.516
297686.641,2800125.864,2029.141
297685.922,2800126.175,2029.428
297682.774,2800137.095,2028.397
297682.249,2800137.155,2027.83
297682.143,2800137.159,2028.257
297682.676,2800136.995,2028.077
297682.945,2800136.952,2027.971
297682.52,2800136.961,2027.862
297683.11,2800136.788,2028.03
297682.083,2800137.093,2027.774
297682.02,2800137.234,2028.026
297682.434,2800137.007,2028.225
297700.529,2800132.179,2029.683
297686.486,2800135.983,2029.039
297687.935,2800135.619,2029.295
297699.49,2800132.391,2029.767
297693.735,2800133.992,2029.976
297686.133,2800136.03,2028.605
297692.422,2800134.258,2030.127
297687.078,2800135.734,2028.843
297701.479,2800131.892,2029.597
297697.697,2800132.883,2030.375
297691.108,2800134.743,2029.825
297695.421,2800133.546,2030.198
297700.193,2800132.19,2030.136
297696.306,2800133.295,2030.096
297704.689,2800131.017,2029.268
297694.62,2800133.78,2030.157
297690.711,2800134.873,2029.787
297690.49,2800134.936,2029.715
297701.712,2800131.871,2029.982
297689.618,2800135.172,2029.25
297699.341,2800132.497,2030.226
297695.744,2800133.468,2030.55
297704.828,2800130.96,2029.717
297685.863,2800136.15,2028.917
297691.427,2800134.565,2029.844
297683.557,2800136.809,2028.502
297698.213,2800132.722,2029.898
297689.963,2800134.993,2029.629
297686.039,2800136.093,2028.924
297688.684,2800135.355,2029.414
297688.434,2800135.474,2029.376
297699.776,2800132.27,2029.757
297699.646,2800132.404,2030.191
297686.823,2800135.922,2028.687
297692.768,2800134.234,2030.171
297704.302,2800131.022,2029.304
297693.348,2800134.027,2029.861
297684.186,2800136.693,2028.195
297702.917,2800131.429,2029.867
297704.164,2800131.091,2029.71
297683.331,2800136.854,2028.423
297692.833,2800134.198,2029.774
297692.589,2800134.307,2029.739
297684.997,2800136.419,2028.362
297690.291,2800134.905,2029.322
297688.966,2800135.29,2029.187
297683.369,2800136.819,2028.065
297698.587,2800132.589,2030.28
297702.766,2800131.409,2029.407
297698.466,2800132.666,2029.871
297685.384,2800136.235,2028.819
297691.961,2800134.317,2029.87
297687.117,2800135.701,2029.107
297684.112,2800136.621,2028.59
297687.36,2800135.666,2028.762
297685.542,2800136.198,2028.445
297687.892,2800135.575,2028.88
297693.963,2800133.802,2029.963
297693.677,2800133.842,2029.88
297686.593,2800135.843,2028.607
297691.029,2800134.581,2029.625
297684.276,2800136.473,2028.728
297699.954,2800132.329,2029.751
297696.625,2800133.189,2030.093
297700.629,2800132.072,2030.08
297697.474,2800132.959,2030.088
297697.262,2800132.999,2030.023
297702.909,2800131.499,2029.47
297697.015,2800133.073,2030.354
297692.153,2800134.458,2029.592
297696.723,2800133.151,2030.456
297696.959,2800133.114,2029.927
297697.208,2800133.03,2030.224
297692.261,2800134.434,2029.793
297696.211,2800133.295,2030.455
297688.909,2800135.412,2029.459
297691.465,2800134.638,2029.467
297702.473,2800131.63,2029.554
297698.976,2800132.599,2029.868
297703.116,2800131.503,2029.877
297703.153,2800131.472,2029.459
297698.865,2800132.592,2030.191
297700.422,2800132.155,2030.105
297691.261,2800134.696,2029.455
297702.426,2800131.681,2029.932
297700.187,2800132.271,2029.734
297700.887,2800132.056,2030.053
297696.763,2800133.132,2029.985
297697.545,2800132.986,2030.372
297699.985,2800132.289,2030.129
297695.941,2800133.398,2030.541
297692.607,2800134.325,2030.1
297701.303,2800131.971,2029.605
297702.182,2800131.73,2029.691
297703.269,2800131.433,2029.75
297688.528,2800135.494,2029.133
297687.241,2800135.848,2028.85
297687.084,2800135.876,2029.154
297685.138,2800136.403,2028.786
297686.292,2800136.084,2028.991
297693.476,2800134.013,2030.288
297683.778,2800136.772,2028.532
297700.368,2800132.119,2029.752
297697.349,2800132.917,2030.333
297700.545,2800132.023,2029.778
297689.461,2800135.167,2029.558
297699.301,2800132.393,2029.882
297703.333,2800131.293,2029.507
297685.333,2800136.346,2028.366
297685.928,2800136.171,2028.51
297693.61,2800133.98,2030.125
297684.667,2800136.501,2028.266
297683.893,2800136.67,2028.093
297688.402,2800135.428,2028.951
297690.105,2800134.927,2029.261
297688.747,2800135.377,2028.961
297690.891,2800134.756,2029.87
297684.827,2800136.47,2028.453
297683.829,2800136.747,2028.247
297687.034,2800135.797,2028.661
297691.598,2800134.571,2029.574
297698.205,2800132.67,2030.295
297683.957,2800136.692,2028.523
297702.62,2800131.506,2029.476
297701.941,2800131.695,2029.534
297692.356,2800134.3,2029.674
297699.139,2800132.528,2030.227
297703.513,2800131.267,2029.666
297696.813,2800133.017,2030.346
297698.645,2800132.498,2029.716
297697.884,2800132.661,2030.353
297692.535,2800134.158,2029.906
297684.94,2800136.366,2028.852
297692.972,2800134.083,2030.053
297692.007,2800134.378,2029.687
297704.393,2800130.941,2029.611
297690.884,2800134.649,2029.711
297688.503,2800135.307,2029.111
297702.392,2800131.472,2029.851
297690.548,2800134.758,2029.721
297693.01,2800134.072,2029.698
297684.544,2800136.475,2028.697
297687.658,2800135.57,2028.779
297694.131,2800133.696,2029.891
297696.439,2800133.111,2030.072
297692.644,2800134.126,2029.642
297694.52,2800133.595,2029.969
297685.714,2800136.12,2028.469
297692.904,2800134.102,2030.307
297690.52,2800134.757,2029.932
297685.89,2800135.993,2028.478
297689.212,2800135.084,2029.276
297698.825,2800132.491,2029.834
297691.999,2800134.438,2030.056
297704.169,2800131.211,2029.347
297701.745,2800131.815,2029.567
297693.287,2800134.098,2030.294
297684.808,2800136.465,2028.723
297695.044,2800133.563,2030.335
297687.584,2800135.643,2029.2
297694.927,2800133.512,2030.142
297697.985,2800132.831,2029.946
297701.116,2800131.968,2029.988
297703.547,2800131.369,2029.814
297701.494,2800131.936,2030.008
297697.696,2800132.849,2029.84
297701.872,2800131.664,2029.931
297688.051,2800135.478,2028.872
297683.679,2800136.64,2028.186
297690.798,2800134.64,2029.362
297684.897,2800136.297,2028.199
297703.737,2800131.251,2029.458
297683.02,2800126.926,2028.726
297680.673,2800127.488,2028.506
297680.428,2800127.611,2028.236
297679.865,2800127.746,2028.265
297681.668,2800127.306,2028.102
297682.039,2800127.03,2028.324
297679.29,2800127.838,2027.968
297702.689,2800131.592,2029.903
297685.303,2800126.335,2029.013
297691.964,2800124.519,2030.526
297687.656,2800125.701,2029.753
297687.061,2800125.887,2029.185
297702.772,2800131.523,2029.703
297686.745,2800135.9,2029.08
297694.924,2800133.64,2030.48
297690.724,2800134.821,2029.392
297695.228,2800133.44,2030.544
297704.413,2800131.075,2029.772
297694.155,2800133.791,2030.048
297695.208,2800133.36,2030.363
297690.452,2800134.805,2029.331
297702.153,2800121.834,2029.525
297695.756,2800133.453,2030.141
297703.331,2800131.372,2029.339
297694.374,2800123.936,2030.445
297703.751,2800131.277,2029.795
297699.18,2800122.585,2029.577
297704.828,2800130.923,2029.387
297693.519,2800133.966,2029.815
297687.825,2800125.568,2029.879
297689.785,2800135.048,2029.217
297686.64,2800125.975,2029.56
297703.088,2800131.36,2029.768
297689.354,2800135.191,2029.144
297695.269,2800123.494,2029.943
297694.779,2800133.551,2030.399
297695.154,2800123.519,2030.15
297697.06,2800132.88,2029.795
297694.749,2800133.556,2030.103
297684.15,2800126.466,2028.762
297682.424,2800136.999,2027.676
297699.273,2800122.458,2029.474
297704.67,2800131.098,2029.71
297696.648,2800123.266,2030.119
297683.265,2800126.851,2028.931
297687.784,2800125.526,2029.35
297682.499,2800137.031,2028.432
297700.238,2800122.315,2029.479
297698.023,2800132.839,2030.331
297679.783,2800127.713,2027.865
297693.359,2800134.094,2030.129
297689.212,2800135.318,2029.501
297700.36,2800122.291,2029.883
297692.11,2800124.504,2030.206
297689.439,2800135.22,2029.367
297699.569,2800132.217,2029.633
297681.281,2800128.758,2037.626
297683.064,2800128.222,2037.943
297680.822,2800128.898,2037.545
297681.569,2800128.68,2037.668
297682.192,2800128.494,2037.734
297683.263,2800128.231,2038.006
297682.504,2800128.433,2037.852
297681.1,2800128.785,2037.552
297680.623,2800128.859,2037.447
297698.299,2800127.83,2035.28
297696.953,2800128.212,2035.386
297703.65,2800126.325,2034.964
297695.573,2800128.577,2035.778
297700.657,2800123.613,2039.032
297700.664,2800127.09,2035.243
297699.313,2800127.453,2035.426
297697.614,2800127.935,2035.607
297697.141,2800128.092,2035.646
297699.886,2800127.361,2035.016
297697.786,2800127.862,2035.561
297700.876,2800127.082,2035.24
297694.416,2800125.294,2039.551
297702.181,2800123.208,2038.772
297685.105,2800127.757,2038.277
297698.637,2800127.588,2035.508
297687.178,2800127.165,2038.641
297703.259,2800126.442,2034.997
297694.097,2800125.426,2039.461
297701.13,2800127.022,2035.227
297699.003,2800127.621,2035.16
297702.623,2800123.179,2038.859
297691.734,2800126.114,2039.411
297694.14,2800128.901,2035.972
297694.621,2800128.801,2035.936
297699.005,2800124.135,2039.185
297695.153,2800128.675,2035.806
297696.241,2800124.883,2039.33
297699.541,2800127.459,2035.389
297699.253,2800124.019,2039.219
297695.587,2800128.609,2035.53
297702.725,2800126.565,2035.06
297701.458,2800126.914,2035.197
297692.969,2800124.311,2030.569
297692.693,2800124.352,2030.597
297694.904,2800125.213,2039.461
297702.533,2800126.576,2035.074
297686.586,2800127.378,2038.544
297696.855,2800128.147,2035.625
297695.322,2800125.031,2039.492
297688.07,2800126.95,2038.831
297690.864,2800126.205,2039.258
297702.232,2800126.729,2034.724
297701.874,2800126.782,2035.139
297702.195,2800126.663,2035.139
297697.606,2800124.435,2039.17
297701.646,2800126.852,2034.867
297695.439,2800128.558,2035.627
297686.868,2800127.329,2038.586
297697.345,2800128.036,2035.486
297701.383,2800123.435,2038.924
297701.208,2800126.986,2034.991
297698.803,2800127.643,2035.193
297695.253,2800128.632,2035.621
297699.119,2800127.525,2035.43
297684.183,2800128.035,2038.077
297689.827,2800126.517,2039.082
297695.539,2800128.592,2035.227
297695.937,2800128.456,2035.605
297697.966,2800124.309,2039.205
297690.151,2800126.432,2039.158
297695.728,2800128.515,2035.353
297685.47,2800127.642,2038.326
297687.435,2800127.116,2038.677
297693.709,2800128.863,2035.864
297701.756,2800123.387,2038.867
297699.697,2800123.933,2039.061
297696.412,2800124.82,2039.314
297697.32,2800124.576,2039.285
297691.962,2800126.043,2039.338
297702.375,2800123.172,2038.746
297700.16,2800123.763,2038.986
297701.256,2800123.523,2039.023
297698.431,2800124.301,2039.264
297698.155,2800124.316,2039.172
297686.42,2800127.428,2038.481
297684.653,2800127.888,2038.178
297694.929,2800128.665,2035.9
297688.905,2800126.747,2038.932
297689.397,2800126.616,2038.987
297685.27,2800127.665,2038.24
297701.217,2800123.474,2038.847
297688.367,2800126.876,2038.812
297693.427,2800125.526,2039.626
297683.822,2800128.054,2038.026
297691.89,2800126.058,2039.562
297692.297,2800125.87,2039.457
297698.456,2800127.76,2035.482
297694.783,2800128.774,2035.69
297695.794,2800128.485,2035.799
297697.56,2800128.055,2035.247
297700.412,2800127.293,2034.933
297696.626,2800128.303,2035.348
297694.42,2800128.895,2035.625
297696.351,2800128.394,2035.284
297701.718,2800126.888,2035.051
297696.064,2800128.447,2035.387
297694.7,2800128.749,2035.456
297694.895,2800128.707,2035.496
297699.438,2800127.486,2035.008
297697.697,2800127.944,2035.196
297703.369,2800126.404,2034.62
297695.886,2800128.465,2035.283
297696.308,2800128.292,2035.495
297690.28,2800126.37,2039.002
297693.693,2800125.551,2039.76
297699.439,2800123.868,2038.967
297696.561,2800124.686,2039.345
297694.414,2800128.814,2035.942
297691.19,2800126.092,2039.494
297691.635,2800125.981,2039.194
297693.82,2800125.345,2039.521
297703.199,2800126.452,2034.66
297700.05,2800127.288,2035.071
297695.751,2800128.484,2035.542
297699.424,2800127.476,2035.224
297701.74,2800126.835,2034.712
297697.536,2800127.951,2035.444
297702.905,2800126.446,2034.859
297701.276,2800126.847,2035.209
297696.704,2800124.601,2039.267
297693.184,2800125.698,2039.64
297702.633,2800126.594,2034.857
297688.768,2800126.775,2038.798
297691.275,2800126.111,2039.328
297697.886,2800127.89,2035.174
297700.361,2800123.675,2038.968
297696.961,2800124.686,2039.302
297697.347,2800128.126,2035.217
297703.095,2800126.493,2034.816
297692.159,2800124.509,2030.589
297701.649,2800126.745,2035.221
297702.444,2800126.656,2034.838
297698.179,2800127.82,2035.123
297698.078,2800127.71,2035.606
297697.795,2800124.438,2039.166
297700.16,2800127.268,2034.919
297697.092,2800124.553,2039.308
297700.897,2800123.641,2038.919
297680.286,2800129.009,2037.445
297681.146,2800132.434,2032.956
297681.338,2800132.309,2032.977
297681.11,2800132.431,2033.346
297682.793,2800135.629,2037.564
297682.888,2800131.94,2033.686
297682.541,2800132.056,2033.278
297682.202,2800132.091,2033.573
297682.605,2800131.988,2033.666
297681.354,2800132.316,2033.381
297683.168,2800135.53,2037.612
297682.99,2800131.923,2033.451
297683.124,2800131.903,2033.766
297682.365,2800132.107,2033.213
297680.893,2800132.566,2032.884
297682.995,2800135.627,2037.627
297681.885,2800135.848,2037.432
297683.243,2800135.463,2037.442
297683.191,2800131.887,2033.574
297681.711,2800132.288,2033.104
297681.899,2800132.279,2032.988
297681.963,2800132.204,2033.201
297681.839,2800132.184,2033.526
297681.392,2800132.349,2033.179
297681.208,2800132.303,2033.224
297682.654,2800131.938,2033.163
297702.48,2800130.2,2038.987
297690.404,2800129.982,2034.947
297697.705,2800131.525,2039.386
297696.386,2800131.859,2039.463
297693.204,2800129.156,2035.932
297700.635,2800130.661,2039.124
297691.26,2800129.694,2035.054
297689.171,2800130.211,2035.055
297694.099,2800132.495,2039.529
297684.986,2800135.056,2037.925
297692.339,2800129.441,2035.436
297686.345,2800130.959,2034.46
297685.323,2800131.285,2033.924
297693.559,2800132.507,2039.343
297685.718,2800131.132,2034.344
297685.139,2800131.267,2033.977
297684.138,2800131.53,2033.675
297699.739,2800130.957,2039.216
297697.265,2800131.647,2039.406
297703.182,2800130.001,2038.93
297704.034,2800129.787,2038.832
297698.166,2800131.396,2039.342
297696.861,2800131.767,2039.452
297693.25,2800132.735,2039.329
297704.507,2800129.623,2038.8
297686.911,2800130.907,2034.674
297701.266,2800130.508,2039.077
297703.832,2800129.768,2038.864
297688.217,2800134.156,2038.495
297692.977,2800129.186,2035.859
297690.096,2800129.998,2035.212
297691.596,2800129.555,2035.551
297692.004,2800133.043,2039.152
297685.145,2800134.984,2037.976
297694.386,2800132.397,2039.565
297696.575,2800131.772,2039.539
297687.77,2800134.26,2038.458
297686.437,2800134.64,2038.237
297693.002,2800129.217,2035.543
297689.603,2800130.154,2034.736
297693.791,2800132.596,2039.39
297683.531,2800131.766,2033.833
297685.603,2800131.204,2034.081
297695.448,2800132.008,2039.476
297693.066,2800132.768,2039.302
297697.835,2800131.387,2039.352
297687.969,2800134.212,2038.45
297689.696,2800130.092,2035.064
297692.173,2800129.433,2035.684
297686.722,2800130.85,2034.534
297697.514,2800131.522,2039.489
297693.477,2800129.093,2035.561
297701.876,2800130.286,2039.003
297701.532,2800130.376,2039.144
297683.36,2800135.482,2037.666
297684.937,2800131.374,2034.139
297683.863,2800131.691,2033.737
297691.609,2800129.601,2035.327
297690.309,2800129.909,2035.279
297690.975,2800133.306,2039.047
297683.716,2800131.687,2033.902
297684.237,2800135.149,2037.869
297689.879,2800129.974,2035.149
297702.977,2800130.1,2038.93
297703.456,2800129.917,2038.896
297698.627,2800131.267,2039.321
297703.621,2800129.85,2038.975
297698.385,2800131.309,2039.379
297699.388,2800131.085,2039.217
297697.054,2800131.722,2039.445
297699.21,2800131.111,2039.251
297695.213,2800132.214,2039.602
297691.607,2800133.254,2039.032
297693.408,2800129.085,2035.938
297688.44,2800134.092,2038.544
297691.214,2800133.259,2039.043
297683.986,2800135.274,2037.822
297692.209,2800133.013,2039.206
297686.145,2800134.679,2038.183
297685.368,2800134.909,2037.947
297702.86,2800130.049,2039.083
297691.063,2800129.806,2035.053
297691.228,2800129.73,2035.491
297687.447,2800130.775,2034.587
297684.043,2800131.715,2033.582
297692.546,2800129.333,2035.488
297692.328,2800129.327,2035.624
297684.394,2800131.564,2033.665
297687.446,2800130.705,2034.371
297689.363,2800130.242,2034.787
297692.162,2800129.49,2035.346
297692.806,2800129.263,2035.471
297690.436,2800129.897,2035.116
297690.205,2800129.976,2034.803
297689.811,2800130.083,2034.794
297687.926,2800130.596,2034.372
297689.728,2800130.049,2035.273
297688.021,2800130.55,2034.571
297690.698,2800129.827,2034.931
297693.147,2800129.166,2035.693
297692.422,2800129.313,2035.777
297683.608,2800131.807,2033.374
297692.707,2800132.889,2039.289
297695.413,2800131.815,2039.316
297688.803,2800133.915,2038.599
297683.58,2800135.345,2037.924
297696.696,2800131.678,2039.414
297698.061,2800131.3,2039.217
297699.544,2800130.891,2039.247
297687.034,2800130.852,2034.512
297683.398,2800131.848,2033.658
297686.057,2800131.196,2033.975
297687.284,2800130.705,2034.708
297683.421,2800131.825,2033.452
297684.357,2800131.477,2034.104
297683.802,2800131.657,2034.135
297689.513,2800130.118,2034.95
297695.066,2800133.517,2030.607
297691.776,2800129.49,2035.33
297688.928,2800130.271,2034.593
297693.326,2800129.041,2035.725
297684.852,2800131.402,2033.644
297684.904,2800131.339,2033.842
297682.098,2800135.843,2037.451
297679.876,2800129.101,2037.423
297689.54,2800133.761,2038.739
297687.16,2800130.819,2034.243
297688.603,2800133.977,2038.571
297698.962,2800131.132,2039.268
297687.077,2800134.449,2038.307
297688.381,2800130.469,2034.51
297701.023,2800130.551,2039.065
297691.777,2800133.137,2039.128
297690.756,2800133.39,2038.943
297695.958,2800132.033,2039.462
297690.681,2800129.828,2035.406
297685.733,2800131.177,2033.919
297688.767,2800130.358,2034.61
297692.018,2800129.482,2035.486
297690.875,2800129.793,2035.079
297686.184,2800131.086,2034.051
297684.742,2800135.08,2037.897
297697.474,2800131.626,2039.345
297702.701,2800130.116,2038.95
297689.021,2800133.963,2038.656
297702.504,2800130.074,2039.116
297693.92,2800132.489,2039.488
297688.365,2800130.428,2034.874
297687.616,2800130.668,2034.323
297682.794,2800132.076,2033.335
297688.167,2800130.516,2034.418
297681.686,2800132.311,2033.484
297680.851,2800132.435,2033.167
297682.079,2800132.141,2033.418
297681.72,2800135.925,2037.387
297682.387,2800132.078,2033.416
297681.54,2800132.258,2032.967
297702.116,2800130.248,2038.996
297696.144,2800128.309,2035.762
297695.018,2800132.229,2039.619
297685.716,2800127.574,2038.354
297697.412,2800127.975,2035.313
297695.609,2800132.117,2039.575
297690.644,2800129.892,2035.141
297703.401,2800126.384,2034.849
297684.804,2800131.467,2034.05
297687.219,2800130.798,2034.564
297685.083,2800131.37,2033.821
297686.252,2800127.478,2038.43
297695.069,2800128.671,2035.419
297700.4,2800130.719,2039.175
297691.002,2800129.784,2035.432
297700.396,2800127.207,2035.105
297688.537,2800130.379,2034.919
297692.516,2800132.884,2039.333
297684.218,2800131.58,2033.919
297691.895,2800129.348,2035.472
297686.536,2800130.914,2034.479
297685.847,2800131.06,2034.089
297685.918,2800131.089,2033.921
297690.406,2800126.394,2039.201
297699.145,2800124.065,2039.079
297702.056,2800123.329,2038.848
297689.23,2800126.696,2038.938
297699.46,2800124.009,2039.086
297684.444,2800127.952,2038.195
297694.179,2800132.018,2039.242
297693.629,2800129.019,2036.013
297690.649,2800126.32,2039.307
297699.736,2800127.425,2035.385
297688.249,2800130.56,2034.681
297694.072,2800129.041,2035.419
297696.49,2800128.225,2035.472
297700.975,2800127.065,2034.837
297698.584,2800127.712,2035.089
297683.603,2800131.821,2033.564
297699.831,2800127.346,2035.2
297686.333,2800131.012,2034.148
297689.551,2800130.169,2035.165
297684.573,2800131.487,2033.708
297690.523,2800133.476,2038.905
297686.101,2800131.075,2034.274
297695.155,2800125.081,2039.424
297693.574,2800125.545,2039.49
297696.598,2800128.216,2035.729
297700.855,2800130.627,2039.107
297701.07,2800123.557,2039.026
297685.303,2800126.335,2029.013
297684.588,2800126.463,2029.179
297686.183,2800125.909,2029.272
297702.707,2800121.634,2029.243
297686.156,2800126.063,2029.037
297685.155,2800126.3,2028.868
297685.215,2800126.291,2029.29
297684.501,2800126.422,2028.755
297683.742,2800126.57,2029.106
297685.007,2800126.263,2029.277
297701.949,2800121.89,2029.285
297702.935,2800121.641,2029.2
297684.873,2800126.47,2028.783
297702.431,2800121.678,2029.255
297684.28,2800126.577,2029.237
297684.768,2800126.366,2029.255
297685.856,2800126.07,2029.177
297684.314,2800126.398,2029.16
297684.341,2800126.464,2028.891
297684.15,2800126.466,2028.762
297684.755,2800126.278,2028.919
297686.641,2800125.864,2029.141
297685.804,2800126.129,2028.961
297686.787,2800125.786,2029.038
297685.002,2800126.282,2028.768
297684.14,2800126.448,2029.187
297687.593,2800125.564,2029.282
297683.271,2800126.887,2028.498
297683.14,2800126.724,2028.854
297684.007,2800126.632,2028.639
297687.935,2800135.619,2029.295
297688.233,2800135.496,2028.92
297686.133,2800136.03,2028.605
297683.352,2800126.731,2028.553
297705.715,2800130.745,2029.212
297706.277,2800130.634,2029.234
297706.02,2800130.663,2029.275
297689.618,2800135.172,2029.25
297705.503,2800130.798,2029.233
297705.291,2800130.876,2029.281
297685.863,2800136.15,2028.917
297686.745,2800135.9,2029.08
297687.312,2800135.742,2029.239
297686.039,2800136.093,2028.924
297685.673,2800136.272,2028.651
297688.966,2800135.29,2029.187
297687.117,2800135.701,2029.107
297687.36,2800135.666,2028.762
297687.892,2800135.575,2028.88
297706.432,2800130.522,2029.181
297684.133,2800126.637,2029.127
297687.241,2800135.848,2028.85
297684.007,2800126.682,2029.001
297687.084,2800135.876,2029.154
297686.292,2800136.084,2028.991
297685.648,2800136.216,2028.869
297685.928,2800136.171,2028.51
297688.402,2800135.428,2028.951
297690.105,2800134.927,2029.261
297686.416,2800136.069,2028.6
297689.785,2800135.048,2029.217
297683.415,2800126.748,2028.956
297705.21,2800130.72,2029.194
297688.503,2800135.307,2029.111
297705.88,2800130.565,2029.181
297686.905,2800135.81,2029.105
297687.658,2800135.57,2028.779
297685.89,2800135.993,2028.478
297689.212,2800135.084,2029.276
297683.265,2800126.851,2028.931
297687.584,2800135.643,2029.2
297688.051,2800135.478,2028.872
297686.486,2800135.983,2029.039
297688.528,2800135.494,2029.133
297689.354,2800135.191,2029.144
297703.944,2800131.233,2029.362
297693.574,2800125.545,2039.49
297702.116,2800130.248,2038.996
297697.111,2800132.889,2030.302
297700.529,2800132.179,2029.683
297698.299,2800127.83,2035.28
297700.03,2800127.318,2035.318
297704.958,2800125.963,2034.82
297702.48,2800130.2,2038.987
297696.953,2800128.212,2035.386
297702.689,2800131.592,2029.903
297703.65,2800126.325,2034.964
297703.26,2800123.02,2038.841
297695.573,2800128.577,2035.778
297700.657,2800123.613,2039.032
297695.018,2800132.229,2039.619
297699.49,2800132.391,2029.767
297693.735,2800133.992,2029.976
297699.313,2800127.453,2035.426
297695.303,2800131.889,2039.439
297685.716,2800127.574,2038.354
297697.412,2800127.975,2035.313
297693.359,2800134.094,2030.129
297697.614,2800127.935,2035.607
297693.504,2800129.078,2035.784
297695.944,2800128.354,2035.796
297697.141,2800128.092,2035.646
297700.635,2800130.661,2039.124
297692.952,2800125.733,2039.704
297688.091,2800130.483,2034.851
297700.876,2800127.082,2035.24
297696.144,2800123.404,2030.273
297694.416,2800125.294,2039.551
297691.39,2800129.649,2035.181
297689.171,2800130.211,2035.055
297694.099,2800132.495,2039.529
297702.181,2800123.208,2038.772
297692.339,2800129.441,2035.436
297691.422,2800129.634,2035.506
297692.578,2800125.753,2039.559
297692.422,2800134.258,2030.127
297691.539,2800134.506,2029.976
297698.637,2800127.588,2035.508
297684.56,2800131.462,2034.06
297702.578,2800121.534,2029.754
297685.718,2800131.132,2034.344
297685.139,2800131.267,2033.977
297700.981,2800132.033,2029.639
297697.697,2800132.883,2030.375
297695.421,2800133.546,2030.198
297700.193,2800132.19,2030.136
297689.212,2800135.318,2029.501
297690.711,2800134.873,2029.787
297690.49,2800134.936,2029.715
297699.739,2800130.957,2039.216
297694.097,2800125.426,2039.461
297699.003,2800127.621,2035.16
297697.265,2800131.647,2039.406
297703.182,2800130.001,2038.93
297701.712,2800131.871,2029.982
297698.669,2800124.193,2039.135
297704.034,2800129.787,2038.832
297691.734,2800126.114,2039.411
297694.14,2800128.901,2035.972
297694.621,2800128.801,2035.936
297703.013,2800126.556,2034.984
297699.341,2800132.497,2030.226
297700.36,2800122.291,2029.883
297699.005,2800124.135,2039.185
297695.153,2800128.675,2035.806
297698.166,2800131.396,2039.342
297696.241,2800124.883,2039.33
297701.541,2800121.938,2029.346
297698.581,2800122.759,2029.583
297699.541,2800127.459,2035.389
297704.705,2800126.021,2034.849
297693.253,2800124.217,2030.504
297698.697,2800127.723,2035.362
297702.142,2800131.689,2030.009
297687.29,2800125.812,2029.702
297703.343,2800121.504,2029.518
297695.587,2800128.609,2035.53
297695.744,2800133.468,2030.55
297695.609,2800132.117,2039.575
297697.079,2800128.161,2035.247
297704.507,2800129.623,2038.8
297701.458,2800126.914,2035.197
297704.828,2800130.96,2029.717
297698.841,2800122.593,2029.99
297688.2,2800125.529,2029.444
297691.427,2800134.565,2029.844
297702.645,2800121.596,2029.564
297692.969,2800124.311,2030.569
297700.57,2800122.189,2029.414
297694.145,2800123.976,2030.404
297689.963,2800134.993,2029.629
297690.264,2800124.99,2029.814
297695.86,2800123.449,2030.275
297691.725,2800134.494,2029.968
297689.683,2800125.085,2029.673
297699.552,2800122.45,2029.475
297696.584,2800123.24,2029.937
297693.92,2800123.981,2030.032
297688.434,2800135.474,2029.376
297699.776,2800132.27,2029.757
297690.557,2800124.875,2029.851
297699.646,2800132.404,2030.191
297694.904,2800125.213,2039.461
297696.598,2800128.216,2035.729
297699.689,2800122.429,2029.93
297701.917,2800126.791,2034.769
297703.832,2800129.768,2038.864
297702.533,2800126.576,2035.074
297695.462,2800123.58,2029.903
297697.737,2800122.966,2030.116
297686.586,2800127.378,2038.544
297701.309,2800121.94,2029.311
297692.977,2800129.186,2035.859
297696.855,2800128.147,2035.625
297695.322,2800125.031,2039.492
297690.096,2800129.998,2035.212
297700.595,2800127.119,2034.993
297691.596,2800129.555,2035.551
297688.07,2800126.95,2038.831
297690.864,2800126.205,2039.258
297693.348,2800134.027,2029.861
297702.232,2800126.729,2034.724
297691.418,2800133.28,2039.054
297702.278,2800126.697,2034.946
297688.564,2800125.455,2029.884
297701.874,2800126.782,2035.139
297694.386,2800132.397,2039.565
297702.195,2800126.663,2035.139
297702.425,2800121.65,2029.682
297696.575,2800131.772,2039.539
297687.77,2800134.26,2038.458
297691.057,2800126.205,2039.318
297686.437,2800134.64,2038.237
297691.455,2800124.678,2030.423
297701.646,2800126.852,2034.867
297690.724,2800134.821,2029.392
297704.164,2800131.091,2029.71
297687.219,2800130.798,2034.564
297693.791,2800132.596,2039.39
297690.522,2800129.878,2035.298
297695.228,2800133.44,2030.544
297685.083,2800131.37,2033.821
297705.128,2800125.931,2034.409
297706.222,2800130.585,2029.606
297692.589,2800134.307,2029.739
297697.345,2800128.036,2035.486
297695.448,2800132.008,2039.476
297704.058,2800122.678,2038.686
297693.066,2800132.768,2039.302
297686.874,2800134.511,2038.277
297687.416,2800125.706,2029.445
297705.949,2800129.142,2038.831
297697.835,2800131.387,2039.352
297687.969,2800134.212,2038.45
297689.696,2800130.092,2035.064
297686.192,2800126.054,2029.47
297691.065,2800124.709,2030.43
297689.188,2800125.191,2030.001
297691.861,2800125.92,2039.449
297701.383,2800123.435,2038.924
297693.55,2800124.133,2030.255
297698.803,2800127.643,2035.193
297700.4,2800130.719,2039.175
297694.716,2800125.206,2039.43
297692.173,2800129.433,2035.684
297688.848,2800130.298,2034.975
297686.565,2800130.966,2034.105
297686.722,2800130.85,2034.534
297696.984,2800123.088,2030.253
297695.253,2800128.632,2035.621
297691.002,2800129.784,2035.432
297699.119,2800127.525,2035.43
297700.396,2800127.207,2035.105
297689.827,2800126.517,2039.082
297696.003,2800124.854,2039.38
297691.504,2800126.073,2039.351
297697.939,2800122.877,2029.949
297698.587,2800132.589,2030.28
297691.441,2800124.634,2030.098
297693.477,2800129.093,2035.561
297701.876,2800130.286,2039.003
297702.766,2800131.409,2029.407
297688.537,2800130.379,2034.919
297698.874,2800127.609,2035.399
297695.539,2800128.592,2035.227
297698.466,2800132.666,2029.871
297687.884,2800130.635,2034.73
297695.937,2800128.456,2035.605
297697.966,2800124.309,2039.205
297692.516,2800132.884,2039.333
297685.47,2800127.642,2038.326
297690.309,2800129.909,2035.279
297692.274,2800124.406,2030.449
297697.856,2800122.864,2029.612
297687.435,2800127.116,2038.677
297685.379,2800126.222,2029.315
297688.934,2800135.204,2029.517
297694.155,2800133.791,2030.048
297691.895,2800129.348,2035.472
297687.413,2800125.582,2029.711
297686.536,2800130.914,2034.479
297687.588,2800134.256,2038.389
297695.208,2800133.36,2030.363
297693.492,2800124.037,2030.542
297696.008,2800133.243,2030.187
297690.452,2800134.805,2029.331
297693.882,2800125.37,2039.348
297693.963,2800133.802,2029.963
297689.694,2800125.004,2030.125
297685.847,2800131.06,2034.089
297685.19,2800131.282,2034.21
297685.578,2800126.128,2029.366
297689.879,2800129.974,2035.149
297691.668,2800125.92,2039.376
297685.918,2800131.089,2033.921
297693.709,2800128.863,2035.864
297687.635,2800130.603,2034.678
297687.207,2800125.645,2029.491
297701.756,2800123.387,2038.867
297703.456,2800129.917,2038.896
297698.627,2800131.267,2039.321
297704.994,2800129.503,2038.749
297705.811,2800129.322,2038.697
297698.385,2800131.309,2039.379
297697.32,2800124.576,2039.285
297699.388,2800131.085,2039.217
297691.962,2800126.043,2039.338
297704.248,2800129.696,2038.839
297702.056,2800123.329,2038.848
297689.23,2800126.696,2038.938
297692.147,2800125.982,2039.381
297699.21,2800131.111,2039.251
297700.16,2800123.763,2038.986
297702.838,2800123.043,2038.784
297699.46,2800124.009,2039.086
297698.431,2800124.301,2039.264
297703.029,2800123.017,2038.81
297703.882,2800122.783,2038.737
297695.213,2800132.214,2039.602
297705.594,2800129.334,2038.745
297698.846,2800124.109,2039.105
297693.408,2800129.085,2035.938
297703.395,2800122.883,2038.782
297688.44,2800134.092,2038.544
297684.444,2800127.952,2038.195
297696.102,2800131.92,2039.496
297684.653,2800127.888,2038.178
297691.214,2800133.259,2039.043
297687.746,2800127.044,2038.735
297688.905,2800126.747,2038.932
297689.397,2800126.616,2038.987
297685.27,2800127.665,2038.24
297694.179,2800132.018,2039.242
297701.217,2800123.474,2038.847
297695.155,2800125.081,2039.424
297702.741,2800123.03,2038.969
297686.145,2800134.679,2038.183
297693.629,2800129.019,2036.013
297688.367,2800126.876,2038.812
297693.427,2800125.526,2039.626
297683.822,2800128.054,2038.026
297689.64,2800126.587,2039.022
297691.89,2800126.058,2039.562
297692.297,2800125.87,2039.457
297690.649,2800126.32,2039.307
297705.183,2800129.36,2038.779
297702.153,2800121.834,2029.525
297699.954,2800132.329,2029.751
297699.155,2800132.533,2029.735
297697.783,2800132.9,2029.992
297697.183,2800123.146,2029.747
297700.629,2800132.072,2030.08
297697.474,2800132.959,2030.088
297690.541,2800124.985,2030.035
297702.909,2800131.499,2029.47
297697.015,2800133.073,2030.354
297692.153,2800134.458,2029.592
297700.749,2800132.05,2029.668
297696.723,2800133.151,2030.456
297696.959,2800133.114,2029.927
297692.261,2800134.434,2029.793
297696.211,2800133.295,2030.455
297688.808,2800125.442,2029.504
297703.331,2800131.372,2029.339
297688.615,2800125.47,2029.469
297688.909,2800135.412,2029.459
297691.465,2800134.638,2029.467
297687.863,2800125.66,2029.718
297689.7,2800135.175,2029.656
297702.473,2800131.63,2029.554
297703.116,2800131.503,2029.877
297703.153,2800131.472,2029.459
297698.865,2800132.592,2030.191
297698.456,2800127.76,2035.482
297693.12,2800134.185,2030.155
297691.261,2800134.696,2029.455
297698.418,2800132.753,2030.298
297702.426,2800131.681,2029.932
297700.187,2800132.271,2029.734
297698.353,2800122.854,2029.647
297698.62,2800122.781,2030.073
297693.689,2800124.119,2030.51
297703.751,2800131.277,2029.795
297696.763,2800133.132,2029.985
297705.07,2800130.903,2029.686
297694.783,2800128.774,2035.69
297703.477,2800126.354,2035.055
297704.521,2800126.081,2034.877
297697.545,2800132.986,2030.372
297695.794,2800128.485,2035.799
297697.56,2800128.055,2035.247
297690.549,2800124.962,2030.464
297699.18,2800122.585,2029.577
297700.999,2800122.098,2029.439
297704.828,2800130.923,2029.387
297703.118,2800121.476,2029.32
297704.013,2800126.311,2034.685
297696.839,2800123.292,2030.209
297696.676,2800128.258,2035.567
297692.607,2800134.325,2030.1
297699.648,2800127.459,2035.013
297691.228,2800129.73,2035.491
297701.303,2800131.971,2029.605
297694.42,2800128.895,2035.625
297696.351,2800128.394,2035.284
297701.718,2800126.888,2035.051
297703.831,2800121.308,2029.39
297688.249,2800130.56,2034.681
297696.064,2800128.447,2035.387
297705.263,2800130.88,2029.547
297703.269,2800131.433,2029.75
297698.046,2800122.945,2029.722
297697.336,2800123.084,2030.179
297687.447,2800130.775,2034.587
297699.586,2800122.466,2029.737
297695.668,2800123.557,2030.196
297688.982,2800125.341,2029.583
297690.212,2800134.96,2029.731
297702.282,2800121.653,2029.395
297693.476,2800134.013,2030.288
297690.075,2800124.988,2029.768
297692.11,2800124.504,2030.206
297690.8,2800124.811,2029.831
297696.814,2800123.152,2029.656
297692.466,2800124.339,2030.308
297693.212,2800124.218,2030.134
297693.423,2800124.157,2030.129
297694.7,2800128.749,2035.456
297700.368,2800132.119,2029.752
297696.456,2800123.26,2030.2
297697.349,2800132.917,2030.333
297700.545,2800132.023,2029.778
297696.49,2800128.225,2035.472
297688.744,2800125.414,2029.935
297694.447,2800133.77,2030.049
297689.461,2800135.167,2029.558
297694.895,2800128.707,2035.496
297690.704,2800124.82,2029.992
297689.88,2800125.099,2029.713
297688.012,2800125.542,2029.398
297695.333,2800123.576,2030.194
297689.439,2800135.22,2029.367
297703.543,2800121.373,2029.579
297692.196,2800134.416,2030.069
297703.333,2800131.293,2029.507
297703.099,2800121.487,2029.606
297686.876,2800130.911,2034.256
297697.697,2800127.944,2035.196
297693.131,2800134.034,2029.84
297700.479,2800122.147,2029.569
297692.328,2800129.327,2035.624
297698.574,2800122.667,2029.844
297684.394,2800131.564,2033.665
297687.446,2800130.705,2034.371
297686.333,2800131.012,2034.148
297703.369,2800126.404,2034.62
297694.715,2800123.808,2030.416
297690.891,2800134.756,2029.87
297689.363,2800130.242,2034.787
297697.35,2800123.073,2029.679
297699.232,2800127.517,2035.037
297693.519,2800133.966,2029.815
297684.746,2800131.504,2033.783
297692.162,2800129.49,2035.346
297691.598,2800134.571,2029.574
297690.436,2800129.897,2035.116
297690.433,2800124.93,2029.723
297698.205,2800132.67,2030.295
297689.811,2800130.083,2034.794
297687.926,2800130.596,2034.372
297689.728,2800130.049,2035.273
297688.555,2800130.404,2034.693
297687.825,2800125.568,2029.879
297702.162,2800121.746,2029.853
297689.551,2800130.169,2035.165
297700.209,2800122.256,2029.996
297695.886,2800128.465,2035.283
297693.147,2800129.166,2035.693
297692.422,2800129.313,2035.777
297696.308,2800128.292,2035.495
297695.413,2800131.815,2039.316
297685.99,2800127.537,2038.467
297701.556,2800123.319,2038.875
297703.187,2800122.842,2038.659
297692.879,2800132.741,2039.196
297699.439,2800123.868,2038.967
297696.561,2800124.686,2039.345
297694.414,2800128.814,2035.942
297691.19,2800126.092,2039.494
297691.635,2800125.981,2039.194
297688.803,2800133.915,2038.599
297693.82,2800125.345,2039.521
297696.696,2800131.678,2039.414
297699.544,2800130.891,2039.247
297689.133,2800130.252,2034.681
297687.034,2800130.852,2034.512
297686.64,2800125.975,2029.56
297703.199,2800126.452,2034.66
297700.185,2800127.242,2035.255
297700.05,2800127.288,2035.071
297703.088,2800131.36,2029.768
297701.941,2800131.695,2029.534
297691.601,2800129.604,2035.142
297686.057,2800131.196,2033.975
297699.173,2800127.542,2035.241
297699.424,2800127.476,2035.224
297692.356,2800134.3,2029.674
297697.536,2800127.951,2035.444
297695.581,2800133.378,2030.116
297702.905,2800126.446,2034.859
297699.139,2800132.528,2030.227
297687.683,2800125.749,2029.302
297703.513,2800131.267,2029.666
297687.284,2800130.705,2034.708
297702.949,2800121.397,2029.351
297688.209,2800135.44,2029.341
297698.645,2800132.498,2029.716
297692.535,2800134.158,2029.906
297697.413,2800122.978,2030.053
297688.6,2800125.294,2029.401
297691.895,2800124.433,2030.014
297692.972,2800134.083,2030.053
297692.007,2800134.378,2029.687
297701.03,2800131.852,2029.682
297698.739,2800122.616,2029.538
297704.393,2800130.941,2029.611
297690.884,2800134.649,2029.711
297690.548,2800134.758,2029.721
297694.779,2800133.551,2030.399
297689.822,2800134.956,2029.377
297692.752,2800134.11,2029.966
297699.569,2800132.217,2029.633
297685.792,2800126.058,2029.347
297695.154,2800123.519,2030.15
297701.276,2800126.847,2035.209
297697.022,2800132.915,2029.995
297691.068,2800124.673,2029.802
297697.06,2800132.88,2029.795
297694.364,2800123.742,2030.012
297703.24,2800121.347,2029.393
297689.513,2800130.118,2034.95
297689.541,2800125.077,2029.923
297692.644,2800134.126,2029.642
297694.52,2800133.595,2029.969
297693.916,2800123.872,2029.845
297691.776,2800129.49,2035.33
297688.928,2800130.271,2034.593
297689.844,2800124.963,2030.262
297692.904,2800134.102,2030.307
297694.749,2800133.556,2030.103
297688.65,2800125.287,2029.641
297693.326,2800129.041,2035.725
297691.316,2800134.509,2029.403
297688.619,2800125.286,2029.977
297684.904,2800131.339,2033.842
297688.861,2800125.209,2029.64
297700.995,2800122.099,2029.821
297691.999,2800134.438,2030.056
297689.54,2800133.761,2038.739
297687.16,2800130.819,2034.243
297698.962,2800131.132,2039.268
297687.077,2800134.449,2038.307
297701.457,2800126.924,2034.966
297689.226,2800133.835,2038.681
297701.023,2800130.551,2039.065
297691.777,2800133.137,2039.128
297690.756,2800133.39,2038.943
297699.273,2800122.458,2029.474
297696.704,2800124.601,2039.267
297693.765,2800125.526,2039.485
297704.32,2800126.128,2034.92
297704.033,2800131.235,2029.75
297693.184,2800125.698,2039.64
297704.207,2800126.187,2034.644
297696.648,2800123.266,2030.119
297701.745,2800131.815,2029.567
297693.287,2800134.098,2030.294
297694.644,2800123.795,2030.002
297702.633,2800126.594,2034.857
297688.768,2800126.775,2038.798
297691.054,2800134.708,2029.431
297691.275,2800126.111,2039.328
297693.764,2800129.008,2035.683
297697.886,2800127.89,2035.174
297690.523,2800133.476,2038.905
297685.733,2800131.177,2033.919
297700.71,2800122.144,2029.778
297685.462,2800131.212,2034.265
297691.787,2800129.537,2035.567
297688.767,2800130.358,2034.61
297695.642,2800124.953,2039.387
297692.018,2800129.482,2035.486
297690.875,2800129.793,2035.079
297686.184,2800131.086,2034.051
297687.784,2800125.526,2029.35
297694.927,2800133.512,2030.142
297686.979,2800125.781,2029.622
297697.474,2800131.626,2039.345
297702.701,2800130.116,2038.95
297690.316,2800133.543,2038.858
297689.021,2800133.963,2038.656
297683.473,2800128.142,2037.996
297701.116,2800131.968,2029.988
297703.727,2800121.33,2029.554
297703.836,2800126.329,2034.943
297701.207,2800122.098,2029.371
297693.009,2800124.298,2030.164
297688.36,2800125.517,2029.555
297703.547,2800131.369,2029.814
297696.805,2800123.292,2029.809
297705.161,2800125.934,2034.588
297701.494,2800131.936,2030.008
297697.347,2800128.126,2035.217
297703.095,2800126.493,2034.816
297692.303,2800124.418,2030.187
297692.159,2800124.509,2030.589
297694.915,2800123.707,2030.157
297688.002,2800125.6,2029.833
297701.889,2800121.802,2029.882
297700.975,2800127.02,2035.047
297701.124,2800121.97,2029.569
297702.504,2800130.074,2039.116
297705.882,2800129.168,2038.617
297686.987,2800127.158,2038.581
297688.365,2800130.428,2034.874
297698.179,2800127.82,2035.123
297692.382,2800124.341,2030.58
297701.872,2800131.664,2029.931
297685.592,2800134.85,2038.05
297686.101,2800131.075,2034.274
297697.795,2800124.438,2039.166
297703.737,2800131.251,2029.458
297700.16,2800127.268,2034.919
297688.167,2800130.516,2034.418
297697.092,2800124.553,2039.308
297700.897,2800123.641,2038.919
297697.705,2800131.525,2039.386
297699.886,2800127.361,2035.016
297685.105,2800127.757,2038.277
297693.559,2800132.507,2039.343
297691.78,2800124.622,2030.088
297702.073,2800121.798,2029.696
297702.623,2800123.179,2038.859
297696.37,2800123.374,2029.84
297698.016,2800122.881,2030.149
297687.656,2800125.701,2029.753
297705.353,2800129.432,2038.753
297696.397,2800128.305,2035.727
297702.725,2800126.565,2035.06
297694.12,2800123.989,2030.008
297699.021,2800122.592,2029.96
297698.213,2800132.722,2029.898
297693.766,2800124.078,2030.108
297696.032,2800123.396,2029.853
297698.932,2800122.654,2029.581
297698.304,2800122.792,2030.024
297704.301,2800122.626,2038.73
297692.768,2800134.234,2030.171
297685.922,2800134.738,2038.132
297704.302,2800131.022,2029.304
297699.942,2800122.373,2029.92
297686.252,2800127.478,2038.43
297695.069,2800128.671,2035.419
297701.208,2800126.986,2034.991
297692.741,2800129.242,2035.804
297690.291,2800134.905,2029.322
297684.408,2800131.495,2033.925
297699.898,2800130.823,2039.236
297704.413,2800131.075,2029.772
297701.704,2800121.842,2029.74
297695.728,2800128.515,2035.353
297690.463,2800124.88,2030.258
297691.961,2800134.317,2029.87
297694.283,2800123.792,2029.803
297691.029,2800134.581,2029.625
297699.697,2800123.933,2039.061
297703.621,2800129.85,2038.975
297696.412,2800124.82,2039.314
297697.054,2800131.722,2039.445
297701.256,2800123.523,2039.023
297698.155,2800124.316,2039.172
297697.262,2800132.999,2030.023
297699.837,2800122.408,2029.475
297697.009,2800123.186,2029.78
297700.422,2800132.155,2030.105
297695.907,2800123.527,2030.086
297692.793,2800124.384,2030.188
297695.716,2800123.562,2029.9
297705.431,2800130.856,2029.418
297701.163,2800122.02,2029.785
297699.636,2800132.295,2029.935
297689.293,2800125.182,2029.662
297698.584,2800127.712,2035.089
297699.438,2800127.486,2035.008
297693.61,2800133.98,2030.125
297692.546,2800129.333,2035.488
297691.968,2800129.497,2035.2
297690.071,2800129.992,2035.026
297698.964,2800122.548,2029.744
297690.28,2800126.37,2039.002
297693.693,2800125.551,2039.76
297689.722,2800133.698,2038.771
297703.024,2800129.923,2039.005
297690.942,2800124.838,2030.35
297702.021,2800126.766,2035.019
297691.585,2800124.546,2030.035
297695.269,2800123.494,2029.943
297684.573,2800131.487,2033.708
297686.141,2800125.919,2029.602
297705.603,2800130.774,2029.647
297695.044,2800133.563,2030.335
297700.361,2800123.675,2038.968
297696.961,2800124.686,2039.302
297693.863,2800124.015,2030.495
297687.616,2800130.668,2034.323
297693.979,2800128.948,2035.885
297693.01,2800134.072,2029.698
297700.091,2800130.861,2039.17
297686.911,2800130.907,2034.674
297688.277,2800125.556,2029.818
297701.266,2800130.508,2039.077
297694.924,2800133.64,2030.48
297692.833,2800134.198,2029.774
297686.761,2800125.818,2029.572
297688.562,2800126.785,2038.902
297692.625,2800124.419,2030.393
297700.887,2800132.056,2030.053
297688.999,2800130.36,2034.755
297694.072,2800129.041,2035.419
297700.855,2800130.627,2039.107
297697.884,2800132.661,2030.353
297688.603,2800133.977,2038.571
297685.804,2800126.129,2028.961
297684.133,2800126.637,2029.127
297684.362,2800126.547,2028.718
297686.375,2800125.966,2029.102
297682.662,2800126.975,2028.396
297679.566,2800127.667,2028.3
297681.667,2800127.225,2028.669
297680.822,2800127.491,2027.992
297682.432,2800127.002,2028.625
297681.026,2800127.448,2028.066
297682.304,2800137.202,2028.357
297688.233,2800135.496,2028.92
297688.577,2800135.45,2028.839
297685.648,2800136.216,2028.869
297686.416,2800136.069,2028.6
297684.92,2800136.308,2028.631
297682.994,2800136.973,2028.388
297683.185,2800136.819,2028.548
297680.282,2800127.617,2028.423
297682.725,2800137.101,2027.869
297687.078,2800135.734,2028.843
297687.534,2800135.699,2028.8
297683.528,2800126.674,2028.564
297688.747,2800135.377,2028.961
297688.577,2800135.45,2028.839
297685.714,2800136.12,2028.469
297681.84,2800128.649,2037.708
297692.952,2800125.733,2039.704
297691.224,2800124.618,2029.902
297691.78,2800124.622,2030.088
297703.013,2800126.556,2034.984
297696.397,2800128.305,2035.727
297697.079,2800128.161,2035.247
297693.766,2800124.078,2030.108
297696.032,2800123.396,2029.853
297699.689,2800122.429,2029.93
297700.386,2800127.181,2035.309
297691.057,2800126.205,2039.318
297703.553,2800126.353,2034.556
297694.716,2800125.206,2039.43
297698.874,2800127.609,2035.399
297692.274,2800124.406,2030.449
297694.283,2800123.792,2029.803
297690.208,2800124.859,2030.325
297695.305,2800128.588,2035.876
297688.562,2800126.785,2038.902
297702.741,2800123.03,2038.969
297695.091,2800128.718,2035.626
297703.477,2800126.354,2035.055
297702.759,2800126.601,2034.699
297696.839,2800123.292,2030.209
297699.648,2800127.459,2035.013
297697.4,2800127.952,2035.673
297699.232,2800127.517,2035.037
297685.99,2800127.537,2038.467
297691.275,2800124.627,2030.383
297697.152,2800123.092,2030.175
297683.473,2800128.142,2037.996
297688.36,2800125.517,2029.555
297692.303,2800124.418,2030.187
297700.975,2800127.02,2035.047
297687.326,2800125.755,2029.263
297682.481,2800135.702,2037.527
297681.991,2800132.136,2033.657
297682.433,2800132.067,2033.63
297695.303,2800131.889,2039.439
297691.39,2800129.649,2035.181
297691.422,2800129.634,2035.506
297686.053,2800131.031,2034.457
297700.981,2800132.033,2029.639
297700.091,2800130.861,2039.17
297693.662,2800134.003,2030.34
297687.312,2800135.742,2029.239
297689.948,2800133.647,2038.805
297691.418,2800133.28,2039.054
297686.874,2800134.511,2038.277
297691.749,2800134.457,2029.573
297692.741,2800129.242,2035.804
297690,2800130.027,2034.818
297688.848,2800130.298,2034.975
297687.884,2800130.635,2034.73
297688.934,2800135.204,2029.517
297683.718,2800135.355,2037.737
297687.635,2800130.603,2034.678
297696.102,2800131.92,2039.496
297693.417,2800132.646,2039.362
297697.783,2800132.9,2029.992
297699.636,2800132.295,2029.935
297694.616,2800133.687,2030.497
297694.318,2800133.776,2030.441
297692.196,2800134.416,2030.069
297686.876,2800130.911,2034.256
297691.968,2800129.497,2035.2
297690.071,2800129.992,2035.026
297689.722,2800133.698,2038.771
297686.688,2800134.48,2038.219
297689.133,2800130.252,2034.681
297688.209,2800135.44,2029.341
297701.03,2800131.852,2029.682
297689.822,2800134.956,2029.377
297697.022,2800132.915,2029.995
297693.764,2800129.008,2035.683
297691.787,2800129.537,2035.567
297698.231,2800132.789,2030.112
297698.669,2800124.193,2039.135
297692.601,2800129.346,2035.686
297683.757,2800131.723,2033.508
297693.212,2800124.218,2030.134
297692.879,2800132.741,2039.196
297702.021,2800126.766,2035.019
297699.586,2800122.466,2029.737
297687.588,2800134.256,2038.389
297693.979,2800128.948,2035.885
297694.97,2800123.753,2029.977
297696.386,2800131.859,2039.463
297702.917,2800121.558,2029.628
297700.664,2800127.09,2035.243
297705.924,2800130.619,2029.56
297691.964,2800124.519,2030.526
297702.2,2800121.708,2029.24
297685.323,2800131.285,2033.924
297687.178,2800127.165,2038.641
297701.479,2800131.892,2029.597
297696.306,2800133.295,2030.096
297689.949,2800125.123,2030.147
297703.259,2800126.442,2034.997
297698.284,2800127.828,2035.512
297704.09,2800126.191,2034.926
297695.177,2800123.744,2030.001
297693.25,2800132.735,2039.329
297693.662,2800134.003,2030.34
297692.693,2800124.352,2030.597
297690.644,2800129.892,2035.141
297692.004,2800133.043,2039.152
297684.804,2800131.467,2034.05
297689.603,2800130.154,2034.736
297686.868,2800127.329,2038.586
297691.749,2800134.457,2029.573
297690,2800130.027,2034.818
297684.183,2800128.035,2038.077
297690.975,2800133.306,2039.047
297700.492,2800122.095,2029.976
297702.977,2800130.1,2038.93
297690.406,2800126.394,2039.201
297699.145,2800124.065,2039.079
297692.209,2800133.013,2039.206
297697.208,2800133.03,2030.224
297695.091,2800128.718,2035.626
297699.985,2800132.289,2030.129
297702.759,2800126.601,2034.699
297703.59,2800121.425,2029.385
297702.266,2800121.755,2029.706
297695.332,2800128.59,2035.386
297694.318,2800133.776,2030.441
297696.298,2800123.277,2030.386
297698.046,2800127.849,2035.484
297690.81,2800124.811,2030.174
297691.74,2800124.576,2030.502
297701.781,2800121.821,2029.248
297690.698,2800129.827,2034.931
297692.707,2800132.889,2039.289
297689.734,2800125.081,2029.88
297700.838,2800122.086,2029.351
297696.813,2800133.017,2030.346
297694.131,2800133.696,2029.891
297691.754,2800124.479,2030.226
297691.172,2800129.62,2035.22
297684.852,2800131.402,2033.644
297705.142,2800125.909,2034.818
297695.958,2800132.033,2039.462
297690.681,2800129.828,2035.406
297702.155,2800131.599,2029.479
297688.183,2800125.382,2029.828
297689.478,2800125.224,2029.758
297695.236,2800123.655,2030.434
297701.649,2800126.745,2035.221
297693.92,2800132.489,2039.488
297692.161,2800124.356,2030.069
297687.951,2800125.441,2029.544
297706.101,2800129.143,2038.685
297687.326,2800125.755,2029.263
297703.529,2800131.335,2029.423
297702.917,2800131.429,2029.867
297703.553,2800126.353,2034.556
297694.929,2800128.665,2035.9
297698.061,2800131.3,2039.217
297704.67,2800131.098,2029.71
297689.716,2800125.193,2030.095
297689.047,2800125.192,2029.743
297685.603,2800131.204,2034.081
297699.736,2800127.425,2035.385
297686.823,2800135.922,2028.687
297704.956,2800130.939,2029.228
297690.463,2800124.88,2030.258
297694.279,2800123.974,2030.116
297702.282,2800121.653,2029.395
297692.108,2800125.884,2039.557
297693.765,2800125.526,2039.485
297703.024,2800129.923,2039.005
297691.224,2800124.618,2029.902
297694.364,2800123.962,2029.955
297702.375,2800123.172,2038.746
297697.613,2800123.04,2029.707
297700.975,2800127.065,2034.837
297690.205,2800129.976,2034.803
297684.357,2800131.477,2034.104
297695.066,2800133.517,2030.607
297697.152,2800123.092,2030.175
297693.924,2800133.894,2030.383
297687.52,2800125.572,2029.516
297685.155,2800126.3,2028.868
297685.19,2800131.282,2034.21
297691.063,2800129.806,2035.053
297681.98,2800127.217,2028.229
297681.492,2800127.296,2028.261
297683.271,2800126.887,2028.498
297682.778,2800126.885,2028.289
297684.007,2800126.632,2028.639
297696.37,2800123.374,2029.84
297695.177,2800123.744,2030.001
297686.156,2800126.063,2029.037
297693.92,2800123.981,2030.032
297691.455,2800124.678,2030.423
297688.943,2800125.327,2029.961
297693.492,2800124.037,2030.542
297690.347,2800125.022,2030.212
297698.353,2800122.854,2029.647
297700.999,2800122.098,2029.439
297688.982,2800125.341,2029.583
297694.628,2800123.802,2030.235
297688.012,2800125.542,2029.398
297690.942,2800124.838,2030.35
297691.585,2800124.546,2030.035
297694.364,2800123.742,2030.012
297688.65,2800125.287,2029.641
297694.644,2800123.795,2030.002
297693.009,2800124.298,2030.164
297682.016,2800137.289,2027.801
297703.944,2800131.233,2029.362
297691.539,2800134.506,2029.976
297703.529,2800131.335,2029.423
297691.725,2800134.494,2029.968
297684.337,2800136.591,2028.238
297685.673,2800136.272,2028.651
297687.534,2800135.699,2028.8
297696.008,2800133.243,2030.187
297699.155,2800132.533,2029.735
297700.749,2800132.05,2029.668
297698.418,2800132.753,2030.298
297697.188,2800133.1,2030.465
297690.212,2800134.96,2029.731
297694.447,2800133.77,2030.049
297693.131,2800134.034,2029.84
297683.589,2800136.779,2028.045
297695.581,2800133.378,2030.116
297692.752,2800134.11,2029.966
297683.392,2800136.788,2028.594
297702.155,2800131.599,2029.479
297693.924,2800133.894,2030.383
297697.111,2800132.889,2030.302
297685.578,2800126.128,2029.366
297691.74,2800124.576,2030.502
297686.905,2800135.81,2029.105
297691.054,2800134.708,2029.431
297682.078,2800127.116,2028.74
297682.88,2800128.317,2037.918
297700.03,2800127.318,2035.318
297692.578,2800125.753,2039.559
297698.284,2800127.828,2035.512
297698.697,2800127.723,2035.362
297701.917,2800126.791,2034.769
297702.278,2800126.697,2034.946
297691.861,2800125.92,2039.449
297691.504,2800126.073,2039.351
297692.147,2800125.982,2039.381
297687.746,2800127.044,2038.735
297689.64,2800126.587,2039.022
297696.676,2800128.258,2035.567
297698.046,2800127.849,2035.484
297701.556,2800123.319,2038.875
297700.185,2800127.242,2035.255
297692.743,2800125.651,2039.685
297692.382,2800124.341,2030.58
297680.022,2800128.987,2037.407
297682.688,2800131.99,2033.493
297682.2,2800132.213,2033.192
297688.091,2800130.483,2034.851
297684.56,2800131.462,2034.06
297696.443,2800133.269,2030.601
297684.468,2800135.159,2037.861
297690.522,2800129.878,2035.298
297689.375,2800130.163,2035.093
297699.898,2800130.823,2039.236
297701.691,2800130.286,2039.053
297704.248,2800129.696,2038.839
297687.264,2800134.398,2038.367
297684.746,2800131.504,2033.783
297688.555,2800130.404,2034.693
297702.303,2800130.174,2039.036
297691.601,2800129.604,2035.142
297691.172,2800129.62,2035.22
297689.226,2800133.835,2038.681
297685.462,2800131.212,2034.265
297690.316,2800133.543,2038.858
297685.592,2800134.85,2038.05
297681.049,2800132.454,2033.159
297681.749,2800132.251,2033.31
297700.595,2800127.119,2034.993
297693.882,2800125.37,2039.348
297698.846,2800124.109,2039.105
297695.332,2800128.59,2035.386
297699.173,2800127.542,2035.241
297695.642,2800124.953,2039.387
297680.461,2800128.995,2037.507
297703.638,2800121.377,2029.135
297687.061,2800125.887,2029.185
297703.455,2800121.291,2029.066
297683.905,2800126.506,2028.754
297683.262,2800126.697,2028.708
297704.689,2800131.017,2029.268
297686.593,2800135.843,2028.607
297683.747,2800126.756,2028.946
297696.144,2800128.309,2035.762
297690.404,2800129.982,2034.947
297693.204,2800129.156,2035.932
297704.722,2800126.038,2034.648
297697.786,2800127.862,2035.561
297686.345,2800130.959,2034.46
297686.053,2800131.031,2034.457
297694.62,2800133.78,2030.157
297701.13,2800127.022,2035.227
297696.443,2800133.269,2030.601
297698.909,2800127.642,2035.595
297696.861,2800131.767,2039.452
297701.356,2800121.969,2029.779
297689.402,2800125.248,2030.049
297688.684,2800135.355,2029.414
297692.601,2800129.346,2035.686
297688.217,2800134.156,2038.495
297689.948,2800133.647,2038.805
297700.386,2800127.181,2035.309
297693.002,2800129.217,2035.543
297690.994,2800124.859,2029.881
297703.584,2800122.805,2038.705
297689.375,2800130.163,2035.093
297688.943,2800125.327,2029.961
297699.346,2800122.532,2029.968
297697.514,2800131.522,2039.489
297690.151,2800126.432,2039.158
297699.229,2800122.451,2029.809
297701.691,2800130.286,2039.053
297690.208,2800124.859,2030.325
297703.859,2800126.139,2034.885
297695.305,2800128.588,2035.876
297691.607,2800133.254,2039.032
297687.264,2800134.398,2038.367
297693.417,2800132.646,2039.362
297702.86,2800130.049,2039.083
297696.625,2800133.189,2030.093
297690.347,2800125.022,2030.212
297695.756,2800133.453,2030.141
297703.789,2800126.315,2034.63
297694.374,2800123.936,2030.445
297697.546,2800123.044,2030.158
297700.412,2800127.293,2034.933
297696.626,2800128.303,2035.348
297702.182,2800131.73,2029.691
297694.616,2800133.687,2030.497
297694.628,2800123.802,2030.235
297699.301,2800132.393,2029.882
297699.504,2800122.463,2030.025
297697.4,2800127.952,2035.673
297690.13,2800125.015,2030.178
297692.806,2800129.263,2035.471
297702.62,2800131.506,2029.476
297692.108,2800125.884,2039.557
297686.688,2800134.48,2038.219
297695.751,2800128.484,2035.542
297701.74,2800126.835,2034.712
297699.981,2800122.297,2029.474
297704.603,2800130.884,2029.572
297690.587,2800124.736,2030.386
297696.439,2800133.111,2030.072
297690.315,2800124.874,2030.081
297690.52,2800134.757,2029.932
297698.825,2800132.491,2029.834
297688.381,2800130.469,2034.51
297704.169,2800131.211,2029.347
297704.881,2800126.005,2034.438
297694.523,2800123.821,2030.402
297692.743,2800125.651,2039.685
297697.985,2800132.831,2029.946
297700.238,2800122.315,2029.479
297697.696,2800132.849,2029.84
297702.444,2800126.656,2034.838
297685.922,2800126.175,2029.428
297698.023,2800132.839,2030.331
297702.772,2800131.523,2029.703
297695.439,2800128.558,2035.627
297701.532,2800130.376,2039.144
297693.677,2800133.842,2029.88
297685.368,2800134.909,2037.947
297695.941,2800133.398,2030.541
297699.831,2800127.346,2035.2
297704.814,2800129.536,2038.753
297686.42,2800127.428,2038.481
297703.802,2800121.152,2029.523
297703.331,2800121.376,2029.191
297684.007,2800126.682,2029.001
297687.034,2800135.797,2028.661
297701.356,2800121.969,2029.779
297696.003,2800124.854,2039.38
297701.949,2800121.89,2029.285
297700.209,2800122.256,2029.996
297686.987,2800127.158,2038.581
297693.504,2800129.078,2035.784
297685.922,2800134.738,2038.132
297686.565,2800130.966,2034.105
297683.323,2800131.847,2033.888
297691.316,2800134.509,2029.403
297704.033,2800131.235,2029.75
297698.909,2800127.642,2035.595
297704.516,2800126.103,2034.676
297691.108,2800134.743,2029.825
297687.91,2800125.688,2029.33
297703.401,2800126.384,2034.849
297691.609,2800129.601,2035.327
297695.502,2800123.602,2030.393
297702.303,2800130.174,2039.036
297691.275,2800124.627,2030.383
297701.07,2800123.557,2039.026
297690.798,2800134.64,2029.362
297698.231,2800132.789,2030.112
297697.188,2800133.1,2030.465
297701.457,2800126.924,2034.966
297688.999,2800130.36,2034.755
297684.937,2800131.374,2034.139
297698.078,2800127.71,2035.606
297695.027,2800123.659,2030.4
297694.279,2800123.974,2030.116
297679.466,2800127.794,2027.828
297684.501,2800126.422,2028.755
297697.35,2800123.073,2029.679
297692.161,2800124.356,2030.069
297702.142,2800131.689,2030.009
297689.7,2800135.175,2029.656
297704.603,2800130.884,2029.572
297688.277,2800125.556,2029.818
297695.944,2800128.354,2035.796
297691.668,2800125.92,2039.376
297683.985,2800131.684,2033.937
297680.641,2800132.526,2033.264
297684.408,2800131.495,2033.925
297685.551,2800126.158,2028.884
297683.73,2800126.646,2028.603
297691.26,2800129.694,2035.054
297699.253,2800124.019,2039.219
297697.606,2800124.435,2039.17
297698.976,2800132.599,2029.868
297690.661,2800124.916,2030.231
297688.021,2800130.55,2034.571
297702.392,2800131.472,2029.851
297705.399,2800130.765,2029.657
297693.12,2800134.185,2030.155
297693.687,2800128.886,2036.338
297693.674,2800128.891,2036.674
297692.393,2800124.342,2031.422
297692.471,2800124.495,2031.89
297693.702,2800128.838,2036.964
297692.418,2800124.407,2032.323
297693.953,2800128.896,2036.605
297692.461,2800124.433,2030.793
297692.473,2800124.504,2031.542
297692.258,2800124.539,2032.582
297693.686,2800128.877,2037.382
297693.53,2800128.865,2036.45
297692.593,2800124.558,2031.768
297692.403,2800124.315,2031.163
297692.07,2800124.694,2032.86
297692.38,2800124.331,2030.93
297692.657,2800124.413,2031.525
297692.203,2800124.511,2032.848
297693.687,2800129.03,2037.231
297693.682,2800129.022,2036.201
297693.746,2800129.052,2037.477
297693.956,2800129.077,2037.169
297693.655,2800129.033,2036.496
297694.922,2800133.495,2031.72
297694.936,2800133.461,2032.455
297694.593,2800133.412,2033.03
297695.257,2800133.536,2031.928
297695.303,2800133.539,2031.132
297695.174,2800133.563,2030.88
297694.969,2800133.65,2031.05
297694.985,2800133.591,2030.767
297694.636,2800133.514,2032.846
297693.914,2800129.087,2036.047
297694.923,2800133.405,2031.249
297694.678,2800133.383,2032.692
297692.14,2800124.425,2033.007
297692.408,2800124.355,2031.793
297694.91,2800133.412,2032.72
297694.997,2800133.581,2031.444
297692.666,2800124.5,2031.354
297692.377,2800124.668,2032.854
297694.936,2800133.593,2032.193
297693.678,2800128.949,2037.621
297693.687,2800128.886,2036.338
297692.14,2800124.425,2033.007
297693.682,2800129.022,2036.201
297693.746,2800129.052,2037.477
297692.393,2800124.342,2031.422
297693.956,2800129.077,2037.169
297693.655,2800129.033,2036.496
297694.922,2800133.495,2031.72
297694.936,2800133.461,2032.455
297694.91,2800133.412,2032.72
297692.471,2800124.495,2031.89
297694.593,2800133.412,2033.03
297692.373,2800124.319,2032.077
297692.418,2800124.407,2032.323
297693.953,2800128.896,2036.605
297693.732,2800129.092,2036.672
297692.548,2800124.528,2030.967
297695.257,2800133.536,2031.928
297695.303,2800133.539,2031.132
297695.174,2800133.563,2030.88
297692.461,2800124.433,2030.793
297692.473,2800124.504,2031.542
297694.992,2800133.422,2032.16
297694.969,2800133.65,2031.05
297692.377,2800124.668,2032.854
297694.936,2800133.593,2032.193
297693.53,2800128.865,2036.45
297692.593,2800124.558,2031.768
297694.985,2800133.591,2030.767
297694.636,2800133.514,2032.846
297692.07,2800124.694,2032.86
297693.914,2800129.087,2036.047
297695.211,2800133.495,2032.206
297692.203,2800124.511,2032.848
297694.923,2800133.405,2031.249
297694.678,2800133.383,2032.692
297693.687,2800129.03,2037.231
297693.701,2800129.054,2036.954
297692.408,2800124.355,2031.793
297692.548,2800124.528,2030.967
297693.563,2800128.982,2037.906
297694.992,2800133.422,2032.16
297695.156,2800133.359,2030.764
297694.997,2800133.581,2031.444
297693.686,2800128.877,2037.382
297693.717,2800128.829,2036.157
297692.403,2800124.315,2031.163
297695.006,2800133.473,2031.081
297693.678,2800128.949,2037.621
297692.38,2800124.331,2030.93
297692.373,2800124.319,2032.077
297693.717,2800128.829,2036.157
297693.701,2800129.054,2036.954
297693.732,2800129.092,2036.672
297695.211,2800133.495,2032.206
297695.006,2800133.473,2031.081
297693.674,2800128.891,2036.674
297693.702,2800128.838,2036.964
297692.666,2800124.5,2031.354
297692.258,2800124.539,2032.582
297692.657,2800124.413,2031.525
297695.156,2800133.359,2030.764
297693.563,2800128.982,2037.906
