292928.142,2801347.863,2162.336
292928.138,2801347.89,2161.866
292927.941,2801347.857,2162.501
292927.617,2801347.93,2161.988
292929.063,2801347.722,2162.192
292927.77,2801347.907,2162.433
292928.438,2801347.793,2162.29
292929.219,2801347.731,2162.057
292928.433,2801347.84,2161.962
292928.278,2801347.855,2162.216
292927.898,2801347.909,2162.088
292928.904,2801347.873,2162.132
292928.987,2801347.792,2161.983
292909.938,2801350.267,2164.136
292918.989,2801349.244,2164.492
292917.298,2801349.362,2164.785
292919.192,2801349.053,2164.405
292926.188,2801348.096,2162.85
292910.846,2801350.207,2163.898
292910.353,2801350.313,2164.175
292921.106,2801348.874,2164.038
292927.205,2801348.018,2162.574
292907.193,2801350.673,2163.363
292921.278,2801348.786,2163.609
292929.418,2801353.282,2168.285
292923.064,2801348.57,2163.606
292913.917,2801349.765,2165.005
292908.176,2801350.739,2163.569
292928.414,2801353.45,2168.508
292927.667,2801353.523,2168.526
292912.944,2801349.863,2164.841
292912.672,2801349.882,2164.763
292914.886,2801349.679,2164.969
292914.727,2801349.637,2165.276
292915.821,2801349.552,2164.988
292916.647,2801349.372,2165.172
292916.376,2801349.429,2165.177
292916.467,2801349.432,2164.848
292916.7,2801349.353,2164.796
292915.529,2801349.555,2165.065
292917.598,2801349.267,2164.913
292913.234,2801349.834,2164.791
292917.39,2801349.277,2165.028
292916.989,2801349.327,2165.079
292913.598,2801349.795,2164.966
292914.444,2801349.704,2165.217
292907.054,2801356.186,2169.194
292927.315,2801353.486,2168.768
292914.665,2801349.672,2164.862
292926.685,2801353.579,2168.945
292928.207,2801353.337,2168.273
292925.916,2801353.635,2168.997
292907.652,2801356.1,2169.152
292929.822,2801353.159,2168.181
292915.859,2801349.508,2165.244
292925.291,2801353.724,2169.242
292907.333,2801356.129,2169.098
292914.95,2801349.664,2164.797
292915.212,2801349.593,2165.336
292914.507,2801349.717,2164.755
292927.947,2801353.419,2168.689
292928.241,2801353.394,2168.557
292916.202,2801349.588,2164.863
292925.723,2801353.796,2169.177
292925.513,2801353.791,2169.176
292927.751,2801353.486,2168.705
292914.857,2801349.763,2165.199
292928.959,2801353.319,2167.934
292916.921,2801349.347,2164.782
292915.429,2801349.722,2165.072
292916.223,2801349.488,2165.305
292916.88,2801349.476,2165.092
292926.099,2801353.714,2168.785
292926.49,2801353.687,2168.982
292926.593,2801353.673,2168.731
292927.632,2801353.417,2168.233
292927.212,2801353.563,2168.526
292926.744,2801353.575,2168.477
292927.863,2801353.506,2168.534
292913.412,2801349.987,2164.892
292916.603,2801349.547,2164.762
292918.069,2801349.374,2164.749
292928.597,2801353.41,2168.126
292914.8,2801349.878,2164.775
292925.352,2801353.943,2169.226
292907.145,2801356.333,2169.324
292929.716,2801353.261,2167.974
292917.597,2801349.49,2164.746
292917.116,2801349.513,2164.825
292929.551,2801353.339,2168.108
292915.614,2801349.782,2164.955
292916.34,2801349.636,2165.18
292928.354,2801353.433,2168.214
292916.601,2801349.544,2165.204
292915.787,2801349.728,2165.132
292917.053,2801349.57,2165.16
292907.589,2801350.626,2163.229
292908.131,2801350.552,2163.369
292906.804,2801350.711,2163.448
292906.336,2801350.776,2162.936
292909.398,2801350.35,2164.031
292906.974,2801350.693,2163.057
292910.626,2801350.204,2164.313
292912.349,2801349.948,2164.714
292907.87,2801350.571,2163.264
292907.519,2801350.609,2163.618
292908.936,2801350.432,2163.837
292907.121,2801350.644,2163.541
292909.072,2801350.407,2163.976
292908.515,2801350.447,2163.841
292908.496,2801350.473,2163.435
292910.434,2801350.2,2163.877
292912.286,2801349.96,2164.27
292914.081,2801349.741,2164.666
292917.598,2801349.261,2164.59
292913.46,2801349.844,2164.557
292911.587,2801350.057,2164.459
292909.585,2801350.361,2164.109
292912.926,2801349.891,2164.401
292913.927,2801349.79,2164.573
292919.59,2801348.976,2164.542
292920.736,2801348.84,2164.232
292922.982,2801348.568,2163.138
292920.582,2801348.849,2163.923
292920.33,2801348.866,2164.302
292921.745,2801348.699,2163.918
292919.115,2801349.115,2164.067
292922.637,2801348.628,2163.278
292911.043,2801350.144,2163.981
292917.802,2801349.245,2164.493
292919.042,2801349.052,2164.607
292920.14,2801348.914,2164.09
292922.045,2801348.656,2163.844
292921.451,2801348.74,2164.021
292921.26,2801348.744,2164.049
292923.284,2801348.557,2163.163
292926.391,2801348.104,2162.635
292918.783,2801349.102,2164.186
292918.5,2801349.125,2164.731
292919.959,2801348.969,2163.812
292910.905,2801350.161,2164.347
292906.181,2801350.825,2162.818
292919.412,2801349.034,2164.445
292923.977,2801348.449,2162.865
292921.076,2801348.824,2163.582
292927.407,2801347.953,2162.254
292907.222,2801350.674,2163.099
292912.114,2801350.013,2164.659
292919.791,2801348.964,2163.972
292923.992,2801348.374,2163.392
292923.229,2801348.488,2163.557
292926.977,2801348.002,2162.673
292924.655,2801348.369,2162.756
292925.493,2801348.199,2163.067
292912.681,2801349.932,2164.375
292920.081,2801348.935,2164.325
292923.566,2801348.469,2163.256
292922.339,2801348.641,2163.311
292913.351,2801349.991,2164.387
292926.683,2801348.061,2162.713
292909.291,2801350.397,2163.553
292924.937,2801348.321,2162.721
292908.373,2801350.573,2163.732
292908.052,2801350.658,2163.684
292911.408,2801350.242,2164.014
292919.712,2801349.126,2163.982
292906.501,2801350.876,2162.882
292925.959,2801348.258,2162.878
292921.805,2801348.832,2163.446
292920.272,2801349.062,2163.832
292919.363,2801349.074,2164.042
292907.724,2801350.709,2163.14
292909.663,2801350.472,2163.584
292912.104,2801350.169,2164.499
292908.985,2801350.493,2163.451
292920.426,2801348.996,2164.218
292920.872,2801348.9,2164.12
292924.955,2801348.384,2163.119
292926.493,2801348.176,2162.776
292909.489,2801350.365,2163.571
292925.145,2801348.356,2162.637
292925.117,2801348.288,2162.871
292927.597,2801347.972,2162.218
292920.124,2801348.968,2163.9
292920.234,2801349.034,2164.271
292925.762,2801348.265,2162.932
292909.469,2801350.519,2163.463
292913.613,2801349.872,2164.711
292908.739,2801350.558,2163.816
292922.653,2801348.652,2163.696
292910.373,2801350.382,2163.938
292912.596,2801350.119,2164.635
292908.362,2801350.67,2163.404
292924.142,2801348.533,2163.311
292918.236,2801349.315,2164.316
292926.699,2801348.246,2162.235
292927.002,2801348.213,2162.112
292921.292,2801348.972,2163.522
292921.585,2801348.898,2163.481
292921.264,2801348.961,2164.021
292917.164,2801349.527,2164.587
292925.366,2801348.473,2162.559
292923.532,2801348.659,2163.229
292920.574,2801349.032,2163.732
292921.82,2801348.876,2163.899
292927.704,2801348.088,2161.981
292920.402,2801349.083,2163.971
292927.352,2801348.109,2162.517
292927.756,2801348.083,2162.387
292922.3,2801348.818,2163.772
292919.232,2801349.217,2164.488
292918.047,2801349.408,2164.408
292926.187,2801348.321,2162.749
292921.608,2801348.856,2163.95
292908.011,2801350.769,2163.205
292923.616,2801348.633,2163
292909.276,2801350.639,2163.45
292922.098,2801348.913,2163.421
292918.697,2801349.333,2164.699
292925.54,2801348.416,2162.936
292924.383,2801348.499,2163.351
292913.585,2801349.997,2164.487
292921.623,2801348.915,2163.673
292909.023,2801350.641,2163.894
292912.81,2801350.128,2164.172
292917.429,2801349.519,2164.286
292922.618,2801348.813,2163.473
292911.693,2801350.222,2164.034
292919.616,2801349.176,2164.404
292907.292,2801350.864,2163.454
292907.695,2801350.812,2163.365
292928.889,2801347.956,2161.709
292920.101,2801349.166,2163.71
292926.901,2801348.227,2162.555
292919.459,2801349.244,2163.984
292928.671,2801347.992,2161.972
292924.974,2801348.544,2162.683
292926.055,2801348.363,2162.273
292929.108,2801347.966,2161.546
292924.776,2801348.559,2162.662
292927.186,2801348.206,2162.471
292928.278,2801348.062,2162.251
292921.129,2801349.029,2163.866
292925.729,2801348.428,2162.453
292928.552,2801348.048,2161.685
292907.859,2801356.108,2169.254
292915.046,2801349.775,2164.976
292929.622,2801353.283,2167.809
292909.894,2801350.437,2163.658
292928.385,2801347.94,2162.43
292906.873,2801350.924,2162.962
292928.459,2801348.005,2162.249
292922.267,2801348.86,2163.312
292926.45,2801348.268,2162.31
292927.612,2801348.17,2162.313
292914.328,2801349.798,2164.743
292916.019,2801349.515,2164.951
292908.335,2801355.999,2169.208
292913.159,2801349.896,2165.002
292914.054,2801349.859,2164.92
292925.273,2801353.822,2168.977
292928.81,2801353.29,2168.231
292925.938,2801353.804,2169.143
292929.696,2801353.306,2168.211
292916.417,2801349.653,2164.769
292909.737,2801350.316,2163.706
292912.032,2801350.034,2164.235
292906.764,2801350.723,2163.032
292922.799,2801348.544,2163.702
292923.434,2801348.482,2163.047
292918.133,2801349.168,2164.441
292924.406,2801348.362,2162.801
292925.413,2801348.237,2162.59
292920.78,2801348.852,2163.656
292919.7,2801349.004,2164.378
292907.02,2801350.812,2163.398
292923.692,2801348.546,2163.425
292927.258,2801348.052,2162.135
292913.076,2801350.053,2164.691
292925.954,2801348.297,2162.446
292926.691,2801348.248,2162.573
292924.683,2801348.48,2163.155
292927.408,2801348.148,2162.349
292913.323,2801350.051,2164.611
292927.269,2801348.216,2162.689
292907.404,2801350.627,2163.158
292928.029,2801348.075,2161.914
292910.538,2801350.283,2163.737
292907.545,2801361.553,2163.241
292909.341,2801361.358,2163.613
292908.096,2801361.551,2163.258
292917.898,2801360.364,2164.808
292918.086,2801360.362,2164.835
292912.709,2801360.964,2163.9
292914.854,2801360.645,2164.886
292930.775,2801358.508,2162.103
292917.608,2801360.279,2165.292
292912.906,2801360.964,2164.017
292928.393,2801358.907,2162.204
292913.064,2801361.012,2164.548
292913.442,2801361.043,2164.084
292919.946,2801360.151,2164.724
292921.733,2801359.944,2164.259
292916.589,2801360.378,2164.861
292918.373,2801360.158,2165.111
292917.107,2801360.326,2165.387
292917.997,2801360.228,2165.234
292916.813,2801360.376,2165.373
292917.692,2801360.211,2164.877
292915.145,2801360.6,2164.962
292916.427,2801360.444,2165.261
292914.398,2801360.695,2164.779
292918.35,2801360.174,2164.807
292919.414,2801360.015,2164.855
292919.146,2801360.097,2164.898
292913.89,2801360.757,2164.802
292915.851,2801360.512,2165.171
292916.331,2801360.42,2165.03
292914.596,2801360.681,2164.788
292915.633,2801360.617,2165.091
292917.375,2801360.312,2165.353
292915.491,2801360.638,2164.787
292916.75,2801360.465,2164.89
292918.179,2801360.325,2165.137
292917.453,2801360.437,2165.165
292918.01,2801360.31,2165.038
292915.347,2801360.592,2164.917
292918.503,2801360.275,2164.774
292919.34,2801360.177,2164.787
292917.278,2801360.467,2165.398
292917.864,2801360.444,2165.213
292914.953,2801360.856,2164.913
292918.282,2801360.431,2164.854
292917.582,2801360.447,2164.856
292919.072,2801360.269,2164.921
292917.395,2801360.525,2165.011
292918.082,2801360.462,2165.216
292917.056,2801360.465,2164.893
292910.563,2801361.2,2163.514
292911.576,2801361.067,2163.715
292909.552,2801361.336,2163.681
292909.814,2801361.311,2163.279
292909.009,2801361.399,2163.435
292910.136,2801361.261,2163.465
292912.242,2801360.982,2163.892
292910.335,2801361.232,2163.443
292912.046,2801360.994,2163.834
292910.863,2801361.159,2163.564
292908.934,2801361.4,2163.151
292914.466,2801360.698,2164.401
292913.516,2801360.771,2164.565
292911.117,2801361.118,2164.013
292911.429,2801361.042,2164.126
292911.611,2801361.094,2164.161
292912.821,2801360.927,2164.375
292912.423,2801360.928,2164.059
292908.252,2801361.462,2163.009
292918.655,2801360.132,2164.587
292911.79,2801361.045,2164.195
292909.128,2801361.41,2163.625
292912.1,2801360.976,2164.086
292912.506,2801360.944,2164.351
292918.895,2801360.097,2164.494
292920.54,2801359.847,2164.377
292923.252,2801359.509,2163.877
292922.548,2801359.596,2163.639
292912.232,2801361.003,2164.371
292913.126,2801360.852,2164.072
292924.413,2801359.359,2163.633
292920.24,2801359.888,2164.147
292926.193,2801359.08,2163.121
292913.735,2801360.759,2164.614
292924.243,2801359.372,2163.262
292909.495,2801361.321,2163.137
292913.039,2801360.853,2164.458
292921.23,2801359.78,2164.41
292925.655,2801359.176,2163.211
292923.041,2801359.51,2163.476
292927.037,2801359.01,2162.566
292920.823,2801359.83,2164.107
292909.988,2801361.333,2163.35
292921.485,2801359.753,2163.885
292920.538,2801359.885,2164.152
292922.005,2801359.667,2163.755
292920.518,2801359.889,2164.554
292908.633,2801361.438,2163.266
292924.028,2801359.377,2163.229
292914.013,2801360.749,2164.587
292926.547,2801359.089,2163.116
292919.484,2801359.978,2164.391
292923.659,2801359.412,2163.723
292925.539,2801359.16,2162.849
292929.626,2801358.651,2161.897
292922.233,2801359.634,2164.17
292911.846,2801361.033,2163.771
292912.77,2801360.903,2164.203
292930,2801358.575,2162.154
292930.416,2801358.552,2162.121
292919.985,2801359.966,2164.716
292920.947,2801359.806,2164.245
292921.284,2801359.765,2164.017
292915.574,2801360.514,2164.56
292921.938,2801359.673,2164.368
292924.203,2801359.367,2163.703
292928.229,2801358.836,2162.422
292929.767,2801358.625,2162.3
292928.587,2801358.785,2162.21
292914.866,2801360.726,2164.369
292914.775,2801360.726,2164.718
292915.257,2801360.623,2164.44
292914.292,2801360.861,2164.185
292923.741,2801359.41,2163.337
292925.737,2801359.159,2162.818
292930.193,2801358.612,2162.31
292925.121,2801359.341,2163.03
292925.362,2801359.267,2163.399
292923.942,2801359.515,2163.716
292912.491,2801361.041,2163.821
292928.755,2801358.911,2162.098
292928.544,2801358.902,2162.637
292927.569,2801359.06,2162.836
292924.712,2801359.439,2163.528
292915.985,2801360.626,2164.632
292921.405,2801359.875,2164.307
292926.379,2801359.12,2162.681
292913.983,2801360.824,2164.189
292910.792,2801361.277,2163.439
292923.261,2801359.622,2163.463
292920.732,2801359.973,2164.014
292922.919,2801359.687,2163.974
292929.389,2801358.816,2161.951
292928.181,2801358.982,2162.691
292929.134,2801358.748,2162.504
292909.051,2801361.48,2163.037
292927.199,2801359.038,2162.933
292923.876,2801359.551,2163.35
292923.41,2801359.607,2163.86
292925.635,2801359.35,2162.88
292919.207,2801360.191,2164.475
292921.705,2801359.841,2164.1
292927.166,2801359.114,2162.472
292919.743,2801360.163,2164.597
292925.32,2801359.37,2163.024
292909.662,2801361.434,2163.316
292908.129,2801361.612,2162.841
292925.435,2801359.365,2163.229
292927.688,2801358.977,2162.407
292924.581,2801359.478,2163.145
292928.682,2801358.783,2161.972
292910.215,2801361.327,2163.296
292922.92,2801359.71,2163.515
292930.407,2801358.669,2161.709
292928.358,2801358.908,2162.64
292918.813,2801360.242,2164.645
292912.926,2801361.114,2163.906
292913.681,2801361.014,2164.434
292924.768,2801359.467,2163.079
292922.715,2801359.753,2163.822
292929.998,2801358.798,2162.235
292916.418,2801360.584,2164.74
292919.587,2801360.199,2164.399
292910.034,2801361.482,2163.77
292921.311,2801359.956,2163.908
292928.508,2801358.966,2162.387
292926.909,2801359.205,2162.569
292928.592,2801359.016,2162.229
292929.586,2801358.877,2162.43
292923.635,2801359.631,2163.778
292909.905,2801361.487,2163.147
292929.774,2801358.783,2161.848
292909.844,2801361.501,2163.468
292921.557,2801359.948,2163.885
292926.162,2801359.317,2162.787
292929.809,2801358.811,2162.273
292924.096,2801359.544,2163.603
292919.388,2801360.181,2164.518
292927.469,2801359.124,2162.438
292922.346,2801359.809,2164.13
292930.436,2801358.709,2162.209
292923.777,2801359.625,2163.622
292929.632,2801358.829,2162.222
292918.008,2801360.44,2164.618
292922.169,2801359.872,2163.927
292908.041,2801361.719,2163.175
292920.914,2801359.982,2164.029
292924.103,2801359.581,2163.256
292929.224,2801358.875,2161.996
292909.084,2801361.584,2163.54
292908.713,2801361.655,2163.002
292909.026,2801361.616,2163.216
292924.969,2801359.482,2163.529
292919.776,2801360.207,2164.381
292924.728,2801359.522,2163.332
292928.932,2801358.992,2162.496
292928.002,2801359.084,2162.207
292914.028,2801360.978,2164.639
292912.018,2801361.128,2164.165
292910.451,2801361.44,2163.692
292907.64,2801361.802,2163.129
292923.289,2801359.754,2163.922
292930.479,2801358.782,2161.909
292920.741,2801359.912,2164.493
292909.281,2801361.367,2163.199
292930.061,2801358.763,2161.728
292915.195,2801360.568,2164.787
292918.574,2801360.139,2164.904
292915.55,2801360.504,2164.973
292916.496,2801360.59,2165.001
292908.012,2801361.486,2162.968
292910.718,2801361.137,2163.932
292913.621,2801360.792,2164.195
292926.155,2801359.103,2162.729
292907.889,2801361.591,2162.888
292915.048,2801360.552,2164.511
292925.065,2801359.247,2163.412
292914.668,2801360.649,2164.425
292928.86,2801358.755,2162.026
292921.811,2801359.688,2164.145
292907.714,2801361.626,2162.994
292920.237,2801360.061,2164.575
292929.916,2801358.632,2161.833
292912.273,2801361.063,2163.709
292930.142,2801358.594,2161.853
292924.371,2801359.499,2163.171
292911.333,2801361.214,2163.835
292923.444,2801359.593,2163.412
292929.614,2801358.698,2162.367
292914.339,2801360.879,2164.636
292920.462,2801360.078,2164.395
292927.849,2801359.061,2162.36
292913.741,2801361.038,2163.998
292920.866,2801360.012,2164.335
292928.737,2801358.999,2162.527
292925.303,2801359.454,2162.855
292920.177,2801359.977,2164.746
292922.468,2801359.811,2163.628
292915.27,2801360.69,2164.631
292916.108,2801360.511,2165.207
292919.186,2801360.049,2164.706
292911.086,2801361.244,2163.849
292927.166,2801353.589,2168.821
292916.517,2801349.407,2165.05
292907.378,2801356.125,2169.307
292928.032,2801353.459,2168.441
292925.104,2801353.88,2169.318
292929.014,2801353.404,2168.386
292929.009,2801353.388,2168.183
292906.315,2801350.753,2163.335
292911.73,2801350.036,2164.156
292910.147,2801350.263,2164.165
292912.47,2801349.962,2164.357
292918.862,2801349.095,2164.613
292910.654,2801350.177,2163.97
292924.583,2801348.305,2163.244
292914.124,2801349.904,2164.58
292920.422,2801348.905,2163.748
292926.583,2801348.07,2162.286
292911.934,2801350.181,2164.126
292922.164,2801348.651,2163.379
292908.713,2801350.59,2163.337
292906.221,2801350.891,2163.165
292910.245,2801350.403,2163.692
292911.175,2801350.325,2163.925
292918.47,2801349.324,2164.209
292927.942,2801348.055,2162.381
292924.483,2801348.574,2162.768
292922.794,2801348.687,2163.833
292909.166,2801350.621,2163.599
292926.406,2801348.067,2162.422
292908.373,2801350.522,2163.295
292922.92,2801348.753,2163.155
292917.944,2801349.217,2164.875
292925.543,2801348.222,2162.854
292917.545,2801349.445,2164.926
292916.782,2801349.526,2164.698
292907.689,2801350.713,2163.619
292908.733,2801361.441,2163.036
292916.107,2801360.489,2164.781
292918.958,2801360.097,2164.967
292919.606,2801360.065,2164.873
292918.647,2801360.245,2165.03
292917.003,2801360.435,2165.192
292916.609,2801360.489,2165.272
292908.258,2801361.534,2163.394
292911.293,2801361.096,2163.673
292911.076,2801361.157,2163.633
292914.256,2801360.693,2164.349
292920.001,2801359.972,2164.324
292927.946,2801358.867,2162.738
292915.806,2801360.509,2164.696
292929.125,2801358.711,2162.028
292919.647,2801359.963,2164.244
292930.583,2801358.484,2161.654
292910.485,2801361.314,2163.329
292926.618,2801359.136,2162.62
292927.396,2801358.933,2162.45
292926.729,2801359.148,2163.055
292930.693,2801358.636,2161.666
292907.739,2801361.684,2163.296
292910.989,2801361.347,2163.662
292930.606,2801358.714,2162.113
292921.96,2801359.858,2164.118
292912.267,2801361.139,2164.248
292920.24,2801360.109,2164.24
292920.71,2801360.053,2164.239
292921.576,2801359.708,2164.136
292907.684,2801361.546,2162.811
292920.438,2801360.036,2164.206
292925.937,2801359.158,2163.257
292920.201,2801359.908,2163.961
292915.514,2801360.776,2164.6
292922.713,2801359.773,2163.599
292919.268,2801360.289,2164.289
292909.938,2801350.267,2164.136
292918.989,2801349.244,2164.492
292917.298,2801349.362,2164.785
292903.602,2801351.154,2162.285
292904.864,2801361.901,2162.683
292905.516,2801361.837,2162.783
292919.192,2801349.053,2164.405
292909.341,2801361.358,2163.613
292903.793,2801351.108,2162.319
292905.702,2801356.379,2169.085
292906.449,2801356.272,2169.244
292909.812,2801361.336,2163.725
292908.096,2801361.551,2163.258
292910.353,2801350.313,2164.175
292921.106,2801348.874,2164.038
292917.898,2801360.364,2164.808
292907.193,2801350.673,2163.363
292921.278,2801348.786,2163.609
292921.085,2801359.935,2163.997
292917.608,2801360.279,2165.292
292923.064,2801348.57,2163.606
292913.064,2801361.012,2164.548
292913.917,2801349.765,2165.005
292905.156,2801351.02,2162.605
292908.176,2801350.739,2163.569
292921.99,2801348.839,2163.829
292913.442,2801361.043,2164.084
292922.894,2801348.717,2163.516
292919.946,2801360.151,2164.724
292921.733,2801359.944,2164.259
292903.269,2801356.684,2168.538
292905.145,2801356.424,2168.977
292904.748,2801356.461,2168.876
292903.104,2801356.759,2168.476
292912.944,2801349.863,2164.841
292914.219,2801360.693,2164.762
292914.727,2801349.637,2165.276
292916.107,2801360.489,2164.781
292916.647,2801349.372,2165.172
292917.362,2801360.259,2165.02
292917.107,2801360.326,2165.387
292917.997,2801360.228,2165.234
292916.467,2801349.432,2164.848
292916.7,2801349.353,2164.796
292916.517,2801349.407,2165.05
292917.598,2801349.267,2164.913
292917.692,2801360.211,2164.877
292915.145,2801360.6,2164.962
292915.103,2801349.599,2164.94
292916.427,2801360.444,2165.261
292914.132,2801349.725,2165.099
292916.32,2801360.436,2164.826
292914.398,2801360.695,2164.779
292905.873,2801356.32,2169.039
292906.863,2801356.202,2169.18
292918.35,2801360.174,2164.807
292906.639,2801356.262,2169.292
292916.928,2801360.344,2165.047
292919.73,2801359.997,2164.752
292904.249,2801356.552,2168.496
292919.146,2801360.097,2164.898
292905.663,2801356.355,2168.868
292917.112,2801360.284,2164.968
292907.054,2801356.186,2169.194
292913.89,2801360.757,2164.802
292915.626,2801360.512,2164.774
292905.352,2801356.402,2168.937
292918.734,2801360.097,2164.775
292907.652,2801356.1,2169.152
292915.859,2801349.508,2165.244
292914.596,2801360.681,2164.788
292925.291,2801353.724,2169.242
292907.333,2801356.129,2169.098
292914.28,2801349.821,2165.036
292914.95,2801349.664,2164.797
292915.212,2801349.593,2165.336
292917.375,2801360.312,2165.353
292915.491,2801360.638,2164.787
292914.507,2801349.717,2164.755
292919.606,2801360.065,2164.873
292916.776,2801360.438,2165.139
292916.75,2801360.465,2164.89
292916.202,2801349.588,2164.863
292918.179,2801360.325,2165.137
292925.723,2801353.796,2169.177
292925.513,2801353.791,2169.176
292917.453,2801360.437,2165.165
292925.651,2801353.772,2168.9
292926.077,2801353.697,2169.091
292916.59,2801360.538,2164.772
292926.272,2801353.736,2169.023
292916.921,2801349.347,2164.782
292917.003,2801360.435,2165.192
292915.429,2801349.722,2165.072
292916.223,2801349.488,2165.305
292906.035,2801356.476,2169.073
292904.698,2801356.654,2168.852
292926.099,2801353.714,2168.785
292926.593,2801353.673,2168.731
292916.609,2801360.489,2165.272
292915.347,2801360.592,2164.917
292918.503,2801360.275,2164.774
292917.169,2801349.43,2165.041
292919.34,2801360.177,2164.787
292912.87,2801350.097,2164.769
292907.145,2801356.333,2169.324
292915.737,2801360.721,2164.922
292917.864,2801360.444,2165.213
292914.953,2801360.856,2164.913
292916.032,2801349.717,2164.868
292916.144,2801360.697,2164.764
292918.282,2801360.431,2164.854
292917.116,2801349.513,2164.825
292917.582,2801360.447,2164.856
292919.072,2801360.269,2164.921
292917.395,2801360.525,2165.011
292918.082,2801360.462,2165.216
292904.607,2801356.691,2168.654
292915.614,2801349.782,2164.955
292917.545,2801349.445,2164.926
292916.34,2801349.636,2165.18
292916.601,2801349.544,2165.204
292905.453,2801356.553,2168.897
292917.053,2801349.57,2165.16
292905.506,2801361.899,2162.339
292908.258,2801361.534,2163.394
292910.563,2801361.2,2163.514
292909.48,2801361.341,2163.322
292912.079,2801360.98,2164.276
292909.552,2801361.336,2163.681
292909.814,2801361.311,2163.279
292907.262,2801361.615,2163.174
292906.255,2801361.777,2162.544
292903.989,2801362.07,2162.006
292905.971,2801361.811,2162.474
292911.293,2801361.096,2163.673
292912.242,2801360.982,2163.892
292910.335,2801361.232,2163.443
292904.163,2801362.013,2162.454
292910.316,2801361.246,2163.847
292912.046,2801360.994,2163.834
292906.538,2801361.715,2162.585
292910.863,2801361.159,2163.564
292911.076,2801361.157,2163.633
292914.466,2801360.698,2164.401
292913.516,2801360.771,2164.565
292911.429,2801361.042,2164.126
292905.772,2801361.831,2162.435
292911.611,2801361.094,2164.161
292912.423,2801360.928,2164.059
292908.252,2801361.462,2163.009
292918.655,2801360.132,2164.587
292913.74,2801360.798,2164.338
292911.79,2801361.045,2164.195
292905.76,2801361.858,2162.841
292909.128,2801361.41,2163.625
292905.242,2801361.872,2162.663
292912.506,2801360.944,2164.351
292918.895,2801360.097,2164.494
292921.581,2801359.742,2164.316
292923.252,2801359.509,2163.877
292907.323,2801361.611,2162.736
292912.232,2801361.003,2164.371
292924.413,2801359.359,2163.633
292922.422,2801359.618,2164.124
292925.937,2801359.158,2163.257
292920.24,2801359.888,2164.147
292926.193,2801359.08,2163.121
292913.735,2801360.759,2164.614
292904.442,2801362.013,2162.029
292914.256,2801360.693,2164.349
292907.904,2801361.585,2163.333
292913.039,2801360.853,2164.458
292921.23,2801359.78,2164.41
292920.001,2801359.972,2164.324
292904.23,2801362.028,2161.994
292907.472,2801361.656,2162.838
292923.041,2801359.51,2163.476
292927.037,2801359.01,2162.566
292920.823,2801359.83,2164.107
292927.011,2801359.025,2162.962
292920.538,2801359.885,2164.152
292922.005,2801359.667,2163.755
292920.518,2801359.889,2164.554
292908.633,2801361.438,2163.266
292914.013,2801360.749,2164.587
292920.349,2801359.888,2164.489
292926.547,2801359.089,2163.116
292919.484,2801359.978,2164.391
292923.659,2801359.412,2163.723
292922.666,2801359.569,2164.07
292906.364,2801361.747,2162.326
292911.846,2801361.033,2163.771
292912.77,2801360.903,2164.203
292906.305,2801361.791,2163.074
292923.261,2801359.501,2163.604
292921.284,2801359.765,2164.017
292922.769,2801359.573,2163.589
292907.101,2801361.67,2163.032
292905.054,2801361.928,2162.711
292924.203,2801359.367,2163.703
292923.068,2801359.547,2164.101
292914.866,2801360.726,2164.369
292914.775,2801360.726,2164.718
292914,2801360.905,2164.377
292914.292,2801360.861,2164.185
292925.737,2801359.159,2162.818
292925.121,2801359.341,2163.03
292925.362,2801359.267,2163.399
292910.485,2801361.314,2163.329
292923.942,2801359.515,2163.716
292922.167,2801359.787,2163.74
292908.244,2801361.658,2163.07
292924.712,2801359.439,2163.528
292921.405,2801359.875,2164.307
292910.488,2801361.261,2163.914
292926.379,2801359.12,2162.681
292904.731,2801361.997,2162.064
292926.028,2801359.222,2162.877
292910.792,2801361.277,2163.439
292906.506,2801361.848,2162.452
292923.261,2801359.622,2163.463
292920.732,2801359.973,2164.014
292922.919,2801359.687,2163.974
292921.029,2801359.969,2164.478
292904.792,2801362.044,2162.501
292909.051,2801361.48,2163.037
292927.199,2801359.038,2162.933
292923.41,2801359.607,2163.86
292926.729,2801359.148,2163.055
292925.635,2801359.35,2162.88
292919.207,2801360.191,2164.475
292904.099,2801362.168,2162.143
292927.166,2801359.114,2162.472
292919.743,2801360.163,2164.597
292925.32,2801359.37,2163.024
292907.739,2801361.684,2163.296
292908.129,2801361.612,2162.841
292925.435,2801359.365,2163.229
292924.581,2801359.478,2163.145
292908.778,2801361.602,2163.492
292905.066,2801362.1,2162.583
292910.215,2801361.327,2163.296
292926.27,2801359.253,2163.092
292912.926,2801361.114,2163.906
292913.681,2801361.014,2164.434
292910.989,2801361.347,2163.662
292911.93,2801361.224,2163.827
292923.107,2801359.696,2163.926
292922.715,2801359.753,2163.822
292919.587,2801360.199,2164.399
292909.242,2801361.595,2163.419
292910.034,2801361.482,2163.77
292908.542,2801361.712,2163.039
292915.514,2801360.776,2164.6
292923.635,2801359.631,2163.778
292909.905,2801361.487,2163.147
292905.11,2801362.141,2162.369
292921.198,2801359.982,2164.385
292921.557,2801359.948,2163.885
292926.098,2801359.319,2163.214
292924.184,2801359.594,2163.786
292924.517,2801359.552,2163.511
292906.379,2801361.964,2162.613
292922.346,2801359.809,2164.13
292921.96,2801359.858,2164.118
292923.777,2801359.625,2163.622
292918.008,2801360.44,2164.618
292922.169,2801359.872,2163.927
292920.125,2801360.164,2164.7
292908.041,2801361.719,2163.175
292920.914,2801359.982,2164.029
292924.103,2801359.581,2163.256
292922.713,2801359.773,2163.599
292925.731,2801359.346,2163.136
292912.267,2801361.139,2164.248
292909.084,2801361.584,2163.54
292908.713,2801361.655,2163.002
292924.301,2801359.532,2163.477
292909.026,2801361.616,2163.216
292919.032,2801360.248,2164.438
292919.776,2801360.207,2164.381
292920.71,2801360.053,2164.239
292905.532,2801362.04,2162.185
292924.728,2801359.522,2163.332
292903.473,2801351.179,2162.702
292903.991,2801351.1,2162.8
292906.315,2801350.753,2163.335
292907.589,2801350.626,2163.229
292908.131,2801350.552,2163.369
292905.697,2801350.884,2162.786
292908.789,2801350.474,2163.482
292906.804,2801350.711,2163.448
292911.73,2801350.036,2164.156
292904.349,2801351.051,2162.48
292903.41,2801351.168,2162.265
292905.74,2801350.869,2163.144
292904.66,2801350.997,2162.985
292904.328,2801351.06,2162.884
292905.307,2801350.898,2163.124
292909.398,2801350.35,2164.031
292906.974,2801350.693,2163.057
292912.349,2801349.948,2164.714
292907.519,2801350.609,2163.618
292908.936,2801350.432,2163.837
292904.205,2801351.129,2162.671
292907.121,2801350.644,2163.541
292911.362,2801350.089,2164.101
292909.072,2801350.407,2163.976
292908.515,2801350.447,2163.841
292910.434,2801350.2,2163.877
292912.286,2801349.96,2164.27
292903.119,2801351.268,2162.196
292904.542,2801351.037,2162.512
292911.09,2801350.114,2164.429
292905.991,2801350.852,2162.846
292910.195,2801350.242,2163.807
292905.12,2801350.962,2163.042
292917.096,2801349.349,2164.683
292913.46,2801349.844,2164.557
292911.587,2801350.057,2164.459
292902.428,2801351.305,2162.009
292912.926,2801349.891,2164.401
292913.927,2801349.79,2164.573
292919.59,2801348.976,2164.542
292911.882,2801349.999,2164.571
292920.736,2801348.84,2164.232
292922.982,2801348.568,2163.138
292920.33,2801348.866,2164.302
292921.745,2801348.699,2163.918
292924.28,2801348.383,2163.259
292922.637,2801348.628,2163.278
292925.543,2801348.222,2162.854
292923.552,2801348.444,2163.553
292912.47,2801349.962,2164.357
292917.802,2801349.245,2164.493
292919.042,2801349.052,2164.607
292921.451,2801348.74,2164.021
292918.862,2801349.095,2164.613
292921.534,2801348.719,2163.588
292921.26,2801348.744,2164.049
292907.347,2801350.624,2163.521
292906.549,2801350.757,2163.357
292918.447,2801349.149,2164.344
292918.5,2801349.125,2164.731
292919.959,2801348.969,2163.812
292906.181,2801350.825,2162.818
292919.053,2801349.054,2164.233
292922.221,2801348.621,2163.815
292923.977,2801348.449,2162.865
292921.076,2801348.824,2163.582
292907.222,2801350.674,2163.099
292919.791,2801348.964,2163.972
292902.87,2801351.258,2162.106
292921.975,2801348.694,2163.38
292923.992,2801348.374,2163.392
292923.229,2801348.488,2163.557
292923.831,2801348.427,2163.459
292924.655,2801348.369,2162.756
292912.681,2801349.932,2164.375
292920.081,2801348.935,2164.325
292924.583,2801348.305,2163.244
292910.028,2801350.294,2163.726
292923.566,2801348.469,2163.256
292922.339,2801348.641,2163.311
292914.124,2801349.904,2164.58
292913.351,2801349.991,2164.387
292903.764,2801351.136,2162.61
292909.291,2801350.397,2163.553
292919.883,2801348.976,2164.352
292924.937,2801348.321,2162.721
292908.373,2801350.573,2163.732
292908.052,2801350.658,2163.684
292919.712,2801349.126,2163.982
292906.419,2801350.913,2163.291
292920.272,2801349.062,2163.832
292920.422,2801348.905,2163.748
292919.363,2801349.074,2164.042
292907.724,2801350.709,2163.14
292909.663,2801350.472,2163.584
292912.104,2801350.169,2164.499
292903.107,2801351.393,2162.593
292908.985,2801350.493,2163.451
292920.426,2801348.996,2164.218
292920.872,2801348.9,2164.12
292911.934,2801350.181,2164.126
292920.653,2801349.015,2164.195
292917.343,2801349.494,2164.526
292904.162,2801351.236,2162.851
292909.489,2801350.365,2163.571
292922.164,2801348.651,2163.379
292908.713,2801350.59,2163.337
292911.543,2801350.1,2164.077
292906.221,2801350.891,2163.165
292904.021,2801351.212,2162.584
292920.234,2801349.034,2164.271
292903.821,2801351.282,2162.237
292907.689,2801350.713,2163.619
292905.653,2801350.999,2163.237
292925.762,2801348.265,2162.932
292909.469,2801350.519,2163.463
292908.739,2801350.558,2163.816
292910.802,2801350.313,2164.307
292922.653,2801348.652,2163.696
292910.373,2801350.382,2163.938
292918.758,2801349.266,2164.527
292921.023,2801348.973,2163.67
292912.596,2801350.119,2164.635
292908.362,2801350.67,2163.404
292924.142,2801348.533,2163.311
292921.292,2801348.972,2163.522
292923.403,2801348.693,2163.025
292921.585,2801348.898,2163.481
292921.264,2801348.961,2164.021
292918.47,2801349.324,2164.209
292904.615,2801351.222,2162.268
292923.532,2801348.659,2163.229
292920.574,2801349.032,2163.732
292921.82,2801348.876,2163.899
292910.215,2801350.457,2164.226
292920.402,2801349.083,2163.971
292922.3,2801348.818,2163.772
292919.232,2801349.217,2164.488
292921.608,2801348.856,2163.95
292919.366,2801349.223,2164.366
292909.276,2801350.639,2163.45
292922.098,2801348.913,2163.421
292923.839,2801348.638,2163.338
292904.286,2801351.265,2162.484
292913.585,2801349.997,2164.487
292921.623,2801348.915,2163.673
292919.014,2801349.306,2164.043
292917.429,2801349.519,2164.286
292920.824,2801349.057,2163.643
292911.693,2801350.222,2164.034
292922.794,2801348.687,2163.833
292919.616,2801349.176,2164.404
292907.695,2801350.812,2163.365
292919.919,2801349.179,2163.904
292920.101,2801349.166,2163.71
292909.727,2801350.493,2164.081
292908.798,2801350.66,2163.976
292924.776,2801348.559,2162.662
292921.129,2801349.029,2163.866
292907.859,2801356.108,2169.254
292917.409,2801349.476,2165.042
292915.046,2801349.775,2164.976
292905.504,2801361.891,2162.527
292910.86,2801361.149,2163.763
292906.355,2801361.786,2162.699
292921.576,2801359.708,2164.136
292905.401,2801362.076,2162.693
292912.018,2801361.128,2164.165
292910.451,2801361.44,2163.692
292908.634,2801361.676,2163.247
292907.64,2801361.802,2163.129
292925.099,2801348.246,2163.114
292909.894,2801350.437,2163.658
292906.873,2801350.924,2162.962
292922.267,2801348.86,2163.312
292923.185,2801348.72,2163.173
292909.166,2801350.621,2163.599
292920.741,2801359.912,2164.493
292914.328,2801349.798,2164.743
292915.195,2801360.568,2164.787
292913.352,2801349.812,2164.938
292918.574,2801360.139,2164.904
292915.55,2801360.504,2164.973
292906.516,2801356.258,2169.042
292904.39,2801356.546,2168.753
292924.635,2801353.803,2169.193
292913.159,2801349.896,2165.002
292904.104,2801356.722,2168.697
292925.273,2801353.822,2168.977
292926.325,2801353.697,2168.745
292925.938,2801353.804,2169.143
292916.496,2801360.59,2165.001
292908.484,2801361.485,2163.027
292908.012,2801361.486,2162.968
292904.573,2801361.985,2162.153
292910.718,2801361.137,2163.932
292907.111,2801361.628,2162.7
292904.969,2801361.952,2162.211
292919.81,2801359.983,2164.325
292915.048,2801360.552,2164.511
292925.065,2801359.247,2163.412
292914.668,2801360.649,2164.425
292905.281,2801361.949,2162.492
292921.811,2801359.688,2164.145
292920.237,2801360.061,2164.575
292912.273,2801361.063,2163.709
292913.794,2801360.916,2164.682
292924.371,2801359.499,2163.171
292923.444,2801359.593,2163.412
292914.339,2801360.879,2164.636
292907.611,2801361.817,2162.703
292920.462,2801360.078,2164.395
292920.866,2801360.012,2164.335
292922.583,2801359.747,2164.041
292919.924,2801360.138,2164.263
292902.723,2801351.27,2162.52
292906.082,2801350.811,2163.281
292906.583,2801350.751,2162.998
292909.737,2801350.316,2163.706
292912.032,2801350.034,2164.235
292906.764,2801350.723,2163.032
292922.799,2801348.544,2163.702
292924.406,2801348.362,2162.801
292925.413,2801348.237,2162.59
292920.78,2801348.852,2163.656
292919.7,2801349.004,2164.378
292908.373,2801350.522,2163.295
292907.02,2801350.812,2163.398
292923.692,2801348.546,2163.425
292918.842,2801349.262,2164.077
292902.496,2801351.475,2162.003
292913.076,2801350.053,2164.691
292905.728,2801351.092,2162.75
292922.92,2801348.753,2163.155
292918.732,2801349.358,2164.227
292902.95,2801351.433,2162.334
292920.438,2801360.036,2164.206
292927.013,2801359.21,2162.906
292917.944,2801349.217,2164.875
292906.69,2801356.413,2169.186
292924.86,2801359.28,2163.51
292922.468,2801359.811,2163.628
292907.404,2801350.627,2163.158
292924.827,2801348.285,2163.229
292915.27,2801360.69,2164.631
292916.265,2801360.638,2165.087
292916.108,2801360.511,2165.207
292911.086,2801361.244,2163.849
292907.545,2801361.553,2163.241
292903.944,2801356.612,2168.779
292923.762,2801348.481,2162.971
292912.906,2801360.964,2164.017
292904.208,2801356.579,2168.752
292903.967,2801356.566,2168.581
292904.924,2801356.474,2168.96
292916.589,2801360.378,2164.861
292903.537,2801356.645,2168.573
292916.989,2801349.327,2165.079
292906.329,2801356.267,2169.058
292919.414,2801360.015,2164.855
292925.916,2801353.635,2168.997
292916.331,2801360.42,2165.03
292916.603,2801349.547,2164.762
292925.352,2801353.943,2169.226
292917.278,2801360.467,2165.398
292903.929,2801362.09,2162.42
292911.576,2801361.067,2163.715
292910.068,2801361.26,2163.8
292906.842,2801361.714,2163.091
292910.905,2801361.188,2164.057
292918.261,2801360.161,2164.569
292925.539,2801359.16,2162.849
292920.947,2801359.806,2164.245
292921.938,2801359.673,2164.368
292923.741,2801359.41,2163.337
292923.876,2801359.551,2163.35
292906.875,2801361.839,2162.575
292909.662,2801361.434,2163.316
292922.92,2801359.71,2163.515
292924.768,2801359.467,2163.079
292921.311,2801359.956,2163.908
292924.096,2801359.544,2163.603
292920.24,2801360.109,2164.24
292903.28,2801351.206,2162.653
292904.908,2801350.993,2162.639
292907.87,2801350.571,2163.264
292911.329,2801350.104,2164.486
292905.42,2801350.932,2162.711
292910.147,2801350.263,2164.165
292919.115,2801349.115,2164.067
292920.14,2801348.914,2164.09
292919.412,2801349.034,2164.445
292925.493,2801348.199,2163.067
292906.501,2801350.876,2162.882
292906.132,2801350.982,2162.739
292925.117,2801348.288,2162.871
292925.621,2801348.274,2162.546
292911.175,2801350.325,2163.925
292925.366,2801348.473,2162.559
292918.462,2801349.34,2164.457
292908.011,2801350.769,2163.205
292918.697,2801349.333,2164.699
292907.292,2801350.864,2163.454
292913.913,2801349.983,2164.361
292916.019,2801349.515,2164.951
292916.417,2801349.653,2164.769
292907.684,2801361.546,2162.811
292926.768,2801359.03,2162.532
292907.714,2801361.626,2162.994
292906.964,2801361.729,2162.881
292906.187,2801361.946,2163.016
292925.892,2801359.348,2162.811
292918.133,2801349.168,2164.441
292924.683,2801348.48,2163.155
292920.177,2801359.977,2164.746
292904.662,2801361.97,2162.601
292919.186,2801360.049,2164.706
292909.399,2801350.366,2163.759
292903.731,2801356.637,2168.66
292916.376,2801349.429,2165.177
292916.88,2801349.476,2165.092
292918.01,2801360.31,2165.038
292924.867,2801359.301,2163.075
292915.806,2801360.509,2164.696
292904.925,2801350.986,2163.019
292909.398,2801350.521,2163.875
292909.281,2801361.367,2163.199
292911.183,2801355.671,2170.115
292908.179,2801356.006,2169.636
292914.482,2801352.043,2175.003
292924.728,2801353.822,2169.433
292907.819,2801352.992,2173.634
292907.593,2801356.119,2169.353
292911.948,2801355.514,2170.459
292913.628,2801352.172,2174.798
292908.18,2801356.028,2169.368
292925.957,2801356.803,2173.074
292910.283,2801355.748,2169.788
292914.316,2801355.299,2170.98
292917.998,2801354.811,2171.1
292909.034,2801355.93,2169.785
292925.568,2801350.616,2173.209
292919.622,2801354.54,2170.569
292915.792,2801355.17,2171.338
292919.741,2801354.523,2170.406
292913.07,2801355.403,2170.739
292919.135,2801351.466,2174.548
292924.397,2801353.984,2169.505
292925.98,2801350.661,2173.179
292924.207,2801350.879,2173.503
292910.719,2801355.738,2170.164
292912.312,2801355.515,2170.684
292917.092,2801354.847,2171.122
292916.568,2801351.951,2175.122
292926.473,2801350.564,2173.042
292927.493,2801356.751,2172.747
292907.008,2801356.178,2169.404
292908.796,2801355.956,2169.817
292908.047,2801352.931,2173.762
292909.443,2801355.855,2169.953
292909.122,2801352.767,2173.976
292911.356,2801355.613,2170.398
292907.626,2801356.076,2169.528
292908.588,2801355.959,2169.725
292911.199,2801352.49,2174.355
292909.427,2801352.739,2173.945
292908.515,2801352.851,2173.772
292913.248,2801355.39,2170.783
292913.949,2801355.285,2171.02
292918.139,2801354.745,2170.933
292910.247,2801352.611,2174.117
292915.438,2801355.091,2171.317
292915.478,2801351.923,2175.22
292913.593,2801355.294,2170.889
292914.037,2801352.102,2174.896
292912.496,2801355.495,2170.605
292911.434,2801352.445,2174.322
292916.296,2801351.811,2175.114
292914.837,2801355.168,2171.12
292923.616,2801353.969,2169.692
292917.157,2801351.701,2174.956
292917.386,2801351.638,2174.965
292923.119,2801354.065,2169.85
292907.165,2801356.209,2169.491
292909.239,2801355.895,2169.794
292914.769,2801352.036,2175.033
292921.225,2801354.299,2170.292
292921.918,2801351.066,2173.995
292915.123,2801355.133,2171.223
292910.866,2801355.683,2170.255
292918.802,2801354.617,2170.875
292917.911,2801351.602,2174.844
292915.685,2801351.891,2175.212
292921.696,2801354.216,2170.181
292914.449,2801355.245,2170.76
292912.327,2801352.339,2174.545
292910.245,2801355.771,2170.109
292922.832,2801354.077,2169.867
292917.902,2801354.756,2170.853
292917.59,2801351.639,2174.898
292909.882,2801352.676,2174.018
292923.241,2801350.911,2173.734
292925.25,2801356.907,2173.253
292908.386,2801356.032,2169.721
292909.679,2801352.688,2174.06
292914.262,2801352.082,2174.94
292920.804,2801351.214,2174.24
292913.807,2801352.148,2174.857
292923.792,2801350.84,2173.606
292914.889,2801355.189,2170.686
292908.428,2801352.835,2173.607
292909.469,2801355.846,2169.676
292924.472,2801350.728,2173.453
292924.737,2801356.968,2173.357
292917.756,2801354.734,2171.106
292922.355,2801350.995,2173.86
292922.654,2801354.071,2169.791
292911.943,2801352.374,2174.354
292921.138,2801351.163,2174.249
292911.667,2801355.54,2170.217
292925.254,2801350.629,2173.254
292917.205,2801354.833,2171.33
292918.243,2801351.558,2174.771
292916.615,2801351.739,2175.037
292918.411,2801354.636,2170.634
292919.456,2801351.403,2174.547
292916.716,2801354.94,2171.37
292914.129,2801355.318,2170.907
292912.414,2801355.574,2170.446
292913.784,2801355.37,2170.964
292913.706,2801355.408,2170.778
292923.189,2801354.008,2169.55
292923.717,2801357.121,2173.53
292911.464,2801355.62,2170.081
292928.574,2801350.221,2172.631
292925.712,2801356.87,2173.16
292912.51,2801352.372,2174.568
292919.493,2801354.551,2170.724
292925.834,2801350.579,2173.259
292916.646,2801355.036,2171.182
292918.55,2801354.673,2170.475
292916.253,2801354.986,2171.213
292928.883,2801350.206,2172.528
292918.626,2801354.746,2170.765
292922.909,2801351.025,2173.768
292926.931,2801356.746,2172.909
292930.287,2801356.29,2172.203
292922.99,2801354.183,2169.926
292922.496,2801354.26,2170.119
292921.387,2801354.368,2170.247
292917.314,2801354.911,2170.962
292911.865,2801355.54,2170.275
292928.756,2801356.463,2172.518
292918.838,2801351.49,2174.657
292927.99,2801350.309,2172.622
292916.626,2801354.928,2171.018
292929.268,2801356.402,2172.413
292925.487,2801356.933,2173.201
292919.777,2801354.609,2170.927
292926.592,2801356.812,2172.949
292912.945,2801352.39,2174.516
292921.866,2801354.291,2170.104
292919.98,2801354.607,2170.324
292924.638,2801357.116,2173.398
292929.977,2801356.374,2172.273
292923.399,2801353.996,2169.53
292913.564,2801355.343,2170.635
292924.277,2801353.983,2169.699
292921.626,2801354.219,2169.873
292917.314,2801354.898,2171.191
292915.383,2801352.041,2175.071
292919.337,2801354.655,2170.695
292928.086,2801356.632,2172.605
292921.041,2801351.306,2174.198
292914.802,2801355.307,2170.987
292920.003,2801354.425,2170.334
292919.789,2801354.598,2170.61
292928.462,2801356.541,2172.579
292909.602,2801355.97,2169.884
292910.504,2801355.927,2170.228
292909.225,2801356.092,2169.539
292910.103,2801355.975,2170.006
292911.306,2801355.751,2169.991
292924.028,2801350.965,2173.464
292923.677,2801354.169,2169.697
292917.231,2801351.849,2175.038
292918.08,2801351.756,2174.708
292916.257,2801351.994,2175.161
292929.866,2801356.455,2172.47
292918.591,2801354.823,2170.595
292917.793,2801351.752,2174.866
292928.947,2801356.512,2172.432
292925.404,2801350.758,2173.403
292925.161,2801350.766,2173.382
292919.994,2801354.67,2170.152
292928.724,2801350.31,2172.568
292920.764,2801351.398,2174.223
292922.663,2801351.155,2173.848
292921.895,2801351.258,2173.895
292908.168,2801356.246,2169.572
292929.505,2801356.511,2172.432
292925.898,2801356.999,2173.113
292928.883,2801350.331,2172.357
292916.883,2801351.912,2174.939
292922.675,2801354.26,2169.909
292924.51,2801350.917,2173.492
292926.277,2801356.932,2172.943
292925.155,2801357.059,2173.277
292927.264,2801350.494,2172.886
292917.773,2801354.947,2171.079
292924.11,2801350.781,2173.645
292916.659,2801355.154,2171.399
292908.533,2801356.164,2169.652
292912.128,2801352.443,2174.438
292920.147,2801354.461,2170.536
292908.335,2801356.009,2169.467
292921.055,2801354.377,2170.307
292908.596,2801356.031,2169.492
292919.628,2801351.43,2174.45
292922.393,2801351.171,2173.827
292920.181,2801351.503,2174.501
292908.801,2801352.812,2173.773
292906.649,2801353.102,2173.39
292910.779,2801352.558,2174.195
292915.932,2801355.053,2171.234
292922.576,2801354.117,2169.981
292918.553,2801351.521,2174.685
292914.95,2801355.103,2170.961
292910.063,2801352.668,2174.117
292927.665,2801356.574,2172.714
292926.154,2801356.871,2173.064
292923.418,2801350.98,2173.683
292923.889,2801354.009,2169.577
292912.813,2801355.446,2170.516
292917.625,2801354.88,2171.224
292923.476,2801354.095,2169.683
292918.217,2801354.858,2170.835
292924.579,2801354.015,2169.486
292910.063,2801355.797,2170.046
292924.815,2801350.712,2173.461
292919.22,2801354.535,2170.809
292917.523,2801354.82,2171.059
292920.101,2801357.654,2174.375
292910.531,2801358.927,2173.802
292911.965,2801358.707,2174.08
292921.499,2801357.439,2174.079
292917.315,2801357.964,2174.937
292912.428,2801358.655,2174.111
292918.797,2801357.832,2174.643
292916.274,2801358.172,2174.949
292908.684,2801359.11,2173.414
292909.156,2801359.054,2173.5
292907.259,2801359.327,2173.108
292911.041,2801358.829,2173.909
292910.23,2801358.959,2173.744
292909.395,2801359.021,2173.508
292911.264,2801358.783,2173.961
292914.705,2801358.328,2174.668
292915.897,2801358.204,2174.875
292916.601,2801358.05,2175.151
292918.362,2801357.858,2174.735
292913.128,2801358.537,2174.323
292908.483,2801359.161,2173.332
292914.138,2801358.4,2174.512
292916.423,2801358.05,2175.032
292917.172,2801357.948,2175.047
292913.318,2801358.53,2174.366
292911.689,2801358.732,2174.023
292920.849,2801357.513,2174.215
292908.977,2801359.095,2173.423
292922.48,2801357.286,2173.816
292919.013,2801357.76,2174.58
292915.7,2801358.204,2174.86
292919.542,2801357.7,2174.476
292923.094,2801357.216,2173.781
292908.251,2801359.196,2173.287
292920.322,2801357.565,2174.225
292922.131,2801357.326,2173.895
292921.703,2801357.391,2174.032
292919.753,2801357.688,2174.403
292916.254,2801357.898,2174.808
292922.689,2801357.263,2173.818
292916.872,2801358.068,2175.06
292918.615,2801357.843,2174.675
292922.918,2801357.326,2173.77
292916.089,2801358.124,2174.846
292920.706,2801357.612,2174.268
292917.08,2801358.115,2175.066
292915.631,2801358.319,2174.727
292912.602,2801358.65,2174.163
292922.349,2801357.44,2173.746
292912.984,2801358.647,2174.321
292909.72,2801359.134,2173.476
292923.673,2801357.29,2173.59
292918.368,2801358.008,2174.601
292921.436,2801357.616,2174.122
292919.493,2801357.877,2174.4
292923.215,2801357.356,2173.762
292920.895,2801357.668,2174.095
292918.226,2801358.064,2174.799
292922.225,2801357.506,2173.893
292919.93,2801357.781,2174.328
292924.817,2801357.174,2173.283
292915.339,2801358.319,2174.764
292919.21,2801357.831,2174.515
292910.046,2801358.977,2173.671
292914.415,2801358.37,2174.613
292924.249,2801357.168,2173.48
292913.468,2801358.635,2174.293
292915.146,2801358.493,2174.7
292914.655,2801355.2,2170.839
292908.899,2801355.929,2169.448
292910.74,2801355.781,2169.899
292916.813,2801351.777,2175.066
292918.329,2801354.773,2170.94
292919.94,2801354.486,2170.53
292908.074,2801352.886,2173.586
292908.002,2801356.042,2169.422
292913.181,2801352.235,2174.744
292910.521,2801352.618,2174.181
292914.947,2801351.978,2175.079
292911.748,2801355.527,2170.461
292912.861,2801355.41,2170.74
292919.727,2801354.539,2170.22
292924.917,2801353.772,2169.358
292910.066,2801355.759,2169.762
292920.107,2801351.319,2174.335
292916.143,2801351.842,2175.236
292912.208,2801355.601,2170.357
292926.186,2801350.531,2173.17
292922.244,2801354.179,2169.996
292920.866,2801354.399,2170.377
292927.746,2801350.398,2172.778
292927.932,2801350.38,2172.841
292918.439,2801354.756,2170.816
292910.291,2801355.925,2169.66
292922.314,2801354.341,2169.799
292909.343,2801356.021,2169.681
292920.52,2801354.544,2170.216
292909.612,2801355.83,2169.545
292911.215,2801355.823,2170.381
292923.313,2801354.115,2169.762
292916.904,2801354.885,2171.384
292926.763,2801350.516,2172.988
292924.955,2801350.684,2173.338
292928.119,2801356.518,2172.827
292919.62,2801354.702,2170.762
292912.731,2801352.306,2174.656
292919.015,2801354.598,2170.853
292910.96,2801352.525,2174.228
292908.02,2801359.232,2173.261
292909.634,2801359,2173.602
292910.869,2801358.896,2173.862
292917.674,2801357.958,2174.892
292914.993,2801358.298,2174.555
292915.502,2801358.226,2174.814
292924.491,2801357.014,2173.474
292917.808,2801358.007,2174.78
292921.964,2801357.385,2173.961
292911.421,2801358.865,2173.823
292915.795,2801358.365,2174.906
292926.395,2801356.745,2172.999
292920.661,2801354.439,2170.431
292921.407,2801351.213,2174.096
292920.101,2801357.654,2174.375
292922.06,2801354.254,2170.067
292908.179,2801356.006,2169.636
292907.449,2801359.324,2173.114
292914.482,2801352.043,2175.003
292904.421,2801359.699,2172.529
292919.812,2801351.362,2174.476
292907.593,2801356.119,2169.353
292907.84,2801356.091,2169.553
292914.655,2801355.2,2170.839
292919.015,2801354.598,2170.853
292911.948,2801355.514,2170.459
292921.499,2801357.439,2174.079
292913.628,2801352.172,2174.798
292917.315,2801357.964,2174.937
292905.185,2801359.616,2172.65
292911.74,2801352.432,2174.423
292908.18,2801356.028,2169.368
292925.957,2801356.803,2173.074
292908.899,2801355.929,2169.448
292910.283,2801355.748,2169.788
292917.998,2801354.811,2171.1
292910.74,2801355.781,2169.899
292912.428,2801358.655,2174.111
292916.813,2801351.777,2175.066
292909.782,2801355.822,2169.994
292925.568,2801350.616,2173.209
292918.329,2801354.773,2170.94
292919.622,2801354.54,2170.569
292915.792,2801355.17,2171.338
292913.07,2801355.403,2170.739
292909.162,2801355.932,2169.482
292919.135,2801351.466,2174.548
292924.397,2801353.984,2169.505
292924.207,2801350.879,2173.503
292910.719,2801355.738,2170.164
292912.312,2801355.515,2170.684
292916.274,2801358.172,2174.949
292909.598,2801352.795,2173.916
292916.568,2801351.951,2175.122
292924.975,2801357.061,2173.317
292903.355,2801353.543,2172.661
292906.807,2801359.376,2173.038
292908.02,2801359.232,2173.261
292908.047,2801352.931,2173.762
292904.003,2801359.753,2172.429
292904.87,2801359.677,2172.56
292904.349,2801353.404,2172.909
292905.553,2801353.249,2173.188
292909.443,2801355.855,2169.953
292909.156,2801359.054,2173.5
292906.162,2801359.469,2172.859
292909.634,2801359,2173.602
292905.081,2801353.311,2173.116
292907.259,2801359.327,2173.108
292907.626,2801356.076,2169.528
292908.588,2801355.959,2169.725
292911.199,2801352.49,2174.355
292904.018,2801353.44,2172.893
292903.583,2801359.823,2172.354
292907.445,2801352.989,2173.566
292908.074,2801352.886,2173.586
292904.538,2801353.391,2172.978
292911.041,2801358.829,2173.909
292905.002,2801359.608,2172.676
292905.759,2801353.223,2173.239
292913.248,2801355.39,2170.783
292911.513,2801358.795,2173.965
292913.949,2801355.285,2171.02
292918.139,2801354.745,2170.933
292911.545,2801355.607,2170.425
292912.667,2801355.44,2170.693
292912.778,2801358.608,2174.293
292910.247,2801352.611,2174.117
292911.264,2801358.783,2173.961
292915.897,2801358.204,2174.875
292915.438,2801355.091,2171.317
292916.601,2801358.05,2175.151
292913.593,2801355.294,2170.889
292914.037,2801352.102,2174.896
292911.434,2801352.445,2174.322
292907.165,2801353.032,2173.463
292916.296,2801351.811,2175.114
292918.362,2801357.858,2174.735
292915.125,2801358.289,2174.7
292920.581,2801351.237,2174.306
292914.837,2801355.168,2171.12
292913.128,2801358.537,2174.323
292923.616,2801353.969,2169.692
292917.157,2801351.701,2174.956
292917.386,2801351.638,2174.965
292923.119,2801354.065,2169.85
292907.165,2801356.209,2169.491
292910.869,2801358.896,2173.862
292922.699,2801350.976,2173.906
292910.589,2801355.704,2170.025
292908.002,2801356.042,2169.422
292917.172,2801357.948,2175.047
292920.49,2801357.575,2174.29
292915.123,2801355.133,2171.223
292910.866,2801355.683,2170.255
292913.181,2801352.235,2174.744
292914.993,2801358.298,2174.555
292918.802,2801354.617,2170.875
292911.689,2801358.732,2174.023
292918.573,2801354.655,2170.943
292918.132,2801357.836,2174.755
292920.849,2801357.513,2174.215
292921.696,2801354.216,2170.181
292915.502,2801358.226,2174.814
292910.245,2801355.771,2170.109
292910.415,2801355.718,2169.919
292905.355,2801353.281,2173.097
292922.48,2801357.286,2173.816
292922.832,2801354.077,2169.867
292915.193,2801351.959,2175.113
292909.882,2801352.676,2174.018
292923.241,2801350.911,2173.734
292910.521,2801352.618,2174.181
292925.25,2801356.907,2173.253
292908.386,2801356.032,2169.721
292909.679,2801352.688,2174.06
292915.284,2801355.115,2171.121
292912.143,2801355.484,2170.565
292914.947,2801351.978,2175.079
292911.748,2801355.527,2170.461
292919.542,2801357.7,2174.476
292914.262,2801352.082,2174.94
292923.094,2801357.216,2173.781
292921.152,2801357.486,2174.138
292913.807,2801352.148,2174.857
292923.792,2801350.84,2173.606
292912.861,2801355.41,2170.74
292908.251,2801359.196,2173.287
292908.428,2801352.835,2173.607
292920.322,2801357.565,2174.225
292919.727,2801354.539,2170.22
292924.229,2801353.871,2169.536
292909.469,2801355.846,2169.676
292909.709,2801355.818,2169.802
292924.472,2801350.728,2173.453
292924.737,2801356.968,2173.357
292917.756,2801354.734,2171.106
292926.395,2801356.745,2172.999
292922.654,2801354.071,2169.791
292913.404,2801355.351,2170.911
292911.943,2801352.374,2174.354
292915.68,2801355.01,2171.374
292921.138,2801351.163,2174.249
292904.66,2801359.7,2172.585
292924.491,2801357.014,2173.474
292911.667,2801355.54,2170.217
292910.066,2801355.759,2169.762
292925.254,2801350.629,2173.254
292916.254,2801357.898,2174.808
292913.515,2801358.491,2174.399
292906.2,2801359.489,2173.042
292916.615,2801351.739,2175.037
292918.411,2801354.636,2170.634
292921.493,2801354.28,2170.117
292910.96,2801352.525,2174.228
292923.539,2801357.14,2173.591
292922.689,2801357.263,2173.818
292914.129,2801355.318,2170.907
292912.414,2801355.574,2170.446
292913.784,2801355.37,2170.964
292904.63,2801359.709,2172.392
292914.887,2801358.341,2174.79
292923.189,2801354.008,2169.55
292923.717,2801357.121,2173.53
292911.464,2801355.62,2170.081
292912.752,2801355.441,2170.317
292925.712,2801356.87,2173.16
292918.615,2801357.843,2174.675
292919.493,2801354.551,2170.724
292925.834,2801350.579,2173.259
292922.244,2801354.179,2169.996
292923.611,2801350.902,2173.649
292916.253,2801354.986,2171.213
292920.866,2801354.399,2170.377
292918.626,2801354.746,2170.765
292917.808,2801358.007,2174.78
292922.909,2801351.025,2173.768
292926.931,2801356.746,2172.909
292922.918,2801357.326,2173.77
292917.059,2801354.986,2171.402
292922.99,2801354.183,2169.926
292922.496,2801354.26,2170.119
292921.387,2801354.368,2170.247
292916.089,2801358.124,2174.846
292911.865,2801355.54,2170.275
292918.838,2801351.49,2174.657
292921.964,2801357.385,2173.961
292920.297,2801351.308,2174.358
292916.626,2801354.928,2171.018
292919.777,2801354.609,2170.927
292920.706,2801357.612,2174.268
292926.592,2801356.812,2172.949
292922.919,2801354.208,2169.721
292917.08,2801358.115,2175.066
292915.631,2801358.319,2174.727
292913.564,2801355.343,2170.635
292917.026,2801351.798,2175.039
292918.467,2801351.643,2174.8
292924.277,2801353.983,2169.699
292916.374,2801358.202,2175.179
292921.626,2801354.219,2169.873
292912.602,2801358.65,2174.163
292917.314,2801354.898,2171.191
292915.383,2801352.041,2175.071
292919.337,2801354.655,2170.695
292904.429,2801359.851,2172.424
292914.802,2801355.307,2170.987
292905.74,2801359.597,2172.613
292916.87,2801354.923,2171.178
292919.789,2801354.598,2170.61
292913.846,2801355.293,2170.79
292912.984,2801358.647,2174.321
292918.8,2801351.554,2174.457
292906.005,2801359.624,2172.72
292909.602,2801355.97,2169.884
292910.291,2801355.925,2169.66
292910.504,2801355.927,2170.228
292909.225,2801356.092,2169.539
292910.103,2801355.975,2170.006
292911.306,2801355.751,2169.991
292920.209,2801357.756,2174.27
292919.62,2801354.702,2170.762
292924.028,2801350.965,2173.464
292918.199,2801354.898,2171.023
292919.779,2801351.544,2174.474
292918.965,2801354.819,2170.699
292923.983,2801357.272,2173.392
292917.231,2801351.849,2175.038
292907.335,2801356.361,2169.405
292916.257,2801351.994,2175.161
292919.493,2801357.877,2174.4
292918.591,2801354.823,2170.595
292917.474,2801358.122,2174.966
292917.793,2801351.752,2174.866
292925.161,2801350.766,2173.382
292919.994,2801354.67,2170.152
292923.215,2801357.356,2173.762
292920.895,2801357.668,2174.095
292918.226,2801358.064,2174.799
292922.225,2801357.506,2173.893
292922.663,2801351.155,2173.848
292924.89,2801353.951,2169.367
292908.168,2801356.246,2169.572
292919.93,2801357.781,2174.328
292920.52,2801354.544,2170.216
292925.898,2801356.999,2173.113
292918.704,2801351.631,2174.609
292916.883,2801351.912,2174.939
292926.277,2801356.932,2172.943
292925.155,2801357.059,2173.277
292916.729,2801358.226,2175.077
292917.773,2801354.947,2171.079
292907.613,2801352.986,2173.656
292909.866,2801358.979,2173.778
292906.814,2801359.522,2172.897
292911.215,2801355.823,2170.381
292916.659,2801355.154,2171.399
292920.531,2801351.398,2174.237
292908.533,2801356.164,2169.652
292912.128,2801352.443,2174.438
292924.096,2801354.044,2169.562
292910.461,2801355.73,2170.156
292908.335,2801356.009,2169.467
292921.055,2801354.377,2170.307
292923.313,2801354.115,2169.762
292908.596,2801356.031,2169.492
292919.628,2801351.43,2174.45
292915.339,2801358.319,2174.764
292920.181,2801351.503,2174.501
292904.206,2801359.73,2172.567
292910.046,2801358.977,2173.671
292904.77,2801353.358,2172.999
292908.801,2801352.812,2173.773
292909.82,2801358.975,2173.531
292914.415,2801358.37,2174.613
292910.779,2801352.558,2174.195
292915.932,2801355.053,2171.234
292922.576,2801354.117,2169.981
292918.553,2801351.521,2174.685
292914.95,2801355.103,2170.961
292912.731,2801352.306,2174.656
292922.111,2801351.042,2174.006
292926.154,2801356.871,2173.064
292923.418,2801350.98,2173.683
292924.249,2801357.168,2173.48
292912.813,2801355.446,2170.516
292917.625,2801354.88,2171.224
292921.646,2801351.208,2174.048
292918.217,2801354.858,2170.835
292913.468,2801358.635,2174.293
292924.678,2801350.814,2173.366
292924.579,2801354.015,2169.486
292925.793,2801350.717,2173.146
292915.146,2801358.493,2174.7
292910.063,2801355.797,2170.046
292924.955,2801350.684,2173.338
292924.815,2801350.712,2173.461
292917.523,2801354.82,2171.059
292910.531,2801358.927,2173.802
292905.495,2801359.628,2172.69
292909.034,2801355.93,2169.785
292919.94,2801354.486,2170.53
292918.797,2801357.832,2174.643
292907.423,2801356.11,2169.518
292907.008,2801356.178,2169.404
292902.782,2801353.633,2172.646
292905.731,2801359.521,2172.798
292903.616,2801353.51,2172.841
292914.705,2801358.328,2174.668
292908.483,2801359.161,2173.332
292909.239,2801355.895,2169.794
292914.769,2801352.036,2175.033
292913.318,2801358.53,2174.366
292917.911,2801351.602,2174.844
292915.685,2801351.891,2175.212
292917.902,2801354.756,2170.853
292914.889,2801355.189,2170.686
292921.703,2801357.391,2174.032
292910.935,2801355.645,2170.048
292920.107,2801351.319,2174.335
292916.143,2801351.842,2175.236
292912.208,2801355.601,2170.357
292912.51,2801352.372,2174.568
292916.646,2801355.036,2171.182
292915.126,2801352.112,2175.043
292913.99,2801358.564,2174.466
292921.041,2801351.306,2174.198
292920.003,2801354.425,2170.334
292909.72,2801359.134,2173.476
292921.436,2801357.616,2174.122
292923.677,2801354.169,2169.697
292918.08,2801351.756,2174.708
292904.98,2801353.349,2172.92
292920.147,2801354.461,2170.536
292906.649,2801353.102,2173.39
292906.033,2801353.178,2173.241
292906.932,2801353.071,2173.48
292921.866,2801354.291,2170.104
292924.817,2801357.174,2173.283
292919.21,2801357.831,2174.515
292920.457,2801354.482,2170.481
292923.762,2801348.481,2162.971
292909.782,2801355.822,2169.994
292921.99,2801348.839,2163.829
292916.035,2801349.457,2165.373
292915.103,2801349.599,2164.94
292914.132,2801349.725,2165.099
292914.59,2801355.144,2171.041
292910.589,2801355.704,2170.025
292911.056,2801355.663,2170.309
292921.493,2801354.28,2170.117
292926.077,2801353.697,2169.091
292928.384,2801353.414,2167.976
292926.803,2801353.629,2168.687
292918.965,2801354.819,2170.699
292929.98,2801353.218,2168.094
292907.335,2801356.361,2169.405
292916.06,2801349.611,2165.237
292908.789,2801350.474,2163.482
292911.362,2801350.089,2164.101
292913.174,2801349.877,2164.435
292917.096,2801349.349,2164.683
292924.28,2801348.383,2163.259
292921.534,2801348.719,2163.588
292906.549,2801350.757,2163.357
292922.221,2801348.621,2163.815
292925.802,2801348.175,2162.497
292910.028,2801350.294,2163.726
292926.09,2801348.158,2162.418
292919.883,2801348.976,2164.352
292906.132,2801350.982,2162.739
292918.643,2801349.177,2164.326
292923.399,2801348.532,2163.511
292920.653,2801349.015,2164.195
292922.548,2801348.607,2163.433
292925.621,2801348.274,2162.546
292910.802,2801350.313,2164.307
292918.758,2801349.266,2164.527
292909.398,2801350.521,2163.875
292919.366,2801349.223,2164.366
292919.919,2801349.179,2163.904
292926.319,2801348.351,2162.573
292913.913,2801349.983,2164.361
292924.096,2801354.044,2169.562
292925.298,2801348.3,2163.057
292924.635,2801353.803,2169.193
292926.325,2801353.697,2168.745
292906.583,2801350.751,2162.998
292917.364,2801349.332,2164.441
292929.269,2801347.942,2161.366
292923.098,2801354.232,2169.754
292924.827,2801348.285,2163.229
292927.3,2801353.657,2168.707
292909.812,2801361.336,2163.725
292915.23,2801360.794,2164.957
292914.219,2801360.693,2164.762
292916.776,2801360.438,2165.139
292916.59,2801360.538,2164.772
292917.74,2801360.35,2165.001
292909.48,2801361.341,2163.322
292910.068,2801361.26,2163.8
292910.905,2801361.188,2164.057
292918.261,2801360.161,2164.569
292922.422,2801359.618,2164.124
292919.145,2801360.01,2164.451
292920.349,2801359.888,2164.489
292922.666,2801359.569,2164.07
292923.261,2801359.501,2163.604
292923.068,2801359.547,2164.101
292914,2801360.905,2164.377
292928.89,2801358.788,2162.497
292910.488,2801361.261,2163.914
292926.028,2801359.222,2162.877
292921.029,2801359.969,2164.478
292921.833,2801359.87,2163.776
292911.93,2801361.224,2163.827
292927.733,2801359.053,2162.748
292926.098,2801359.319,2163.214
292920.125,2801360.164,2164.7
292925.731,2801359.346,2163.136
292924.301,2801359.532,2163.477
292928.31,2801359.051,2162.124
292918.405,2801360.288,2164.617
292929.369,2801358.754,2162.187
292919.81,2801359.983,2164.325
292913.305,2801360.86,2164.102
292913.794,2801360.916,2164.682
292907.611,2801361.817,2162.703
292924.86,2801359.28,2163.51
292922.06,2801354.254,2170.067
292909.399,2801350.366,2163.759
292910.415,2801355.718,2169.919
292912.752,2801355.441,2170.317
292909.903,2801355.903,2169.615
292907.347,2801350.624,2163.521
292929.153,2801347.728,2161.7
292926.289,2801348.206,2162.375
292918.842,2801349.262,2164.077
292924.183,2801348.358,2163.476
292916.928,2801360.344,2165.047
292910.316,2801361.246,2163.847
292908.778,2801361.602,2163.492
292924.184,2801359.594,2163.786
292925.892,2801359.348,2162.811
292911.183,2801355.671,2170.115
292908.733,2801361.441,2163.036
292910.846,2801350.207,2163.898
292907.053,2801361.778,2162.502
292914.854,2801360.645,2164.886
292918.215,2801349.279,2164.839
292911.356,2801355.613,2170.398
292904.58,2801356.492,2168.802
292906.261,2801356.292,2169.296
292915.821,2801349.552,2164.988
292914.964,2801349.634,2165.284
292915.529,2801349.555,2165.065
292915.247,2801349.583,2165.155
292912.496,2801355.495,2170.605
292917.39,2801349.277,2165.028
292921.225,2801354.299,2170.292
292913.598,2801349.795,2164.966
292907.378,2801356.125,2169.307
292914.665,2801349.672,2164.862
292913.706,2801355.408,2170.778
292914.857,2801349.763,2165.199
292919.98,2801354.607,2170.324
292909.903,2801355.903,2169.615
292909.343,2801356.021,2169.681
292922.675,2801354.26,2169.909
292915.787,2801349.728,2165.132
292916.06,2801349.611,2165.237
292904.301,2801362.021,2162.235
292910.136,2801361.261,2163.465
292908.747,2801361.405,2163.493
292908.443,2801361.467,2163.453
292912.1,2801360.976,2164.086
292920.54,2801359.847,2164.377
292913.126,2801360.852,2164.072
292925.655,2801359.176,2163.211
292909.988,2801361.333,2163.35
292921.485,2801359.753,2163.885
292915.574,2801360.514,2164.56
292919.647,2801359.963,2164.244
292913.393,2801360.934,2164.567
292906.669,2801361.814,2162.814
292905.876,2801362.016,2162.449
292909.844,2801361.501,2163.468
292925.216,2801359.45,2163.414
292906.336,2801350.776,2162.936
292910.626,2801350.204,2164.313
292908.496,2801350.473,2163.435
292913.699,2801349.788,2164.558
292922.045,2801348.656,2163.844
292923.284,2801348.557,2163.163
292910.905,2801350.161,2164.347
292924.221,2801348.454,2162.899
292921.805,2801348.832,2163.446
292924.955,2801348.384,2163.119
292920.124,2801348.968,2163.9
292910.245,2801350.403,2163.692
292911.593,2801350.278,2164.2
292917.164,2801349.527,2164.587
292917.647,2801349.477,2164.382
292924.483,2801348.574,2162.768
292924.383,2801348.499,2163.351
292919.459,2801349.244,2163.984
292924.974,2801348.544,2162.683
292925.729,2801348.428,2162.453
292909.612,2801355.83,2169.545
292907.3,2801361.76,2162.934
292919.268,2801360.289,2164.289
292908.335,2801355.999,2169.208
292914.054,2801349.859,2164.92
292907.889,2801361.591,2162.888
292913.741,2801361.038,2163.998
292902.492,2801351.278,2162.478
292902.885,2801351.203,2162.569
292917.364,2801349.332,2164.441
292919.22,2801354.535,2170.809
292910.538,2801350.283,2163.737
292918.647,2801360.245,2165.03
292905.774,2801356.388,2168.7
292905.173,2801361.912,2162.276
292920.389,2801359.853,2164.04
292913.22,2801360.956,2164.38
292926.162,2801359.317,2162.787
292918.783,2801349.102,2164.186
292913.875,2801349.878,2164.803
292926.155,2801359.103,2162.729
292923.098,2801354.232,2169.754
292916.418,2801360.584,2164.74
292911.043,2801350.144,2163.981
292914.028,2801360.978,2164.639
292911.74,2801352.432,2174.423
292907.445,2801352.989,2173.566
292913.469,2801352.199,2174.701
292915.68,2801355.01,2171.374
292917.472,2801354.784,2171.247
292927.02,2801350.425,2172.937
292927.508,2801350.371,2172.861
292917.059,2801354.986,2171.402
292915.126,2801352.112,2175.043
292929.651,2801356.405,2172.338
292917.026,2801351.798,2175.039
292927.681,2801356.735,2172.828
292929.504,2801350.199,2172.383
292920.531,2801351.398,2174.237
292927.282,2801356.752,2172.845
292925.793,2801350.717,2173.146
292912.778,2801358.608,2174.293
292915.125,2801358.289,2174.7
292913.796,2801358.455,2174.45
292917.486,2801357.959,2174.859
292916.374,2801358.202,2175.179
292920.209,2801357.756,2174.27
292917.474,2801358.122,2174.966
292928.271,2801356.525,2172.588
292909.598,2801352.795,2173.916
292918.8,2801351.554,2174.457
292919.779,2801351.544,2174.474
292928.644,2801356.603,2172.508
292907.449,2801359.324,2173.114
292924.975,2801357.061,2173.317
292908.777,2801359.289,2173.333
292907.819,2801352.992,2173.634
292908.684,2801359.11,2173.414
292909.427,2801352.739,2173.945
292910.23,2801358.959,2173.744
292914.138,2801358.4,2174.512
292921.918,2801351.066,2173.995
292908.977,2801359.095,2173.423
292917.59,2801351.639,2174.898
292920.804,2801351.214,2174.24
292922.355,2801350.995,2173.86
292919.753,2801357.688,2174.403
292917.486,2801357.959,2174.859
292923.366,2801357.289,2173.65
292908.777,2801359.289,2173.333
292912.945,2801352.39,2174.516
292918.368,2801358.008,2174.601
292912.957,2801352.276,2174.709
292922.349,2801357.44,2173.746
292903.012,2801353.589,2172.649
292920.581,2801351.237,2174.306
292923.936,2801357.089,2173.547
292920.297,2801351.308,2174.358
292926.272,2801353.736,2169.023
292913.846,2801355.293,2170.79
292911.09,2801350.114,2164.429
292928.694,2801347.805,2161.873
292911.593,2801350.278,2164.2
292919.014,2801349.306,2164.043
292913.352,2801349.812,2164.938
292915.626,2801360.512,2164.774
292916.729,2801358.226,2175.077
292928.663,2801358.785,2162.559
292929.563,2801358.867,2161.918
292922.583,2801359.747,2164.041
292923.366,2801357.289,2173.65
292925.98,2801350.661,2173.179
292914.886,2801349.679,2164.969
292916.813,2801360.376,2165.373
292917.472,2801354.784,2171.247
292903.736,2801353.524,2172.639
292914.8,2801349.878,2164.775
292924.243,2801359.372,2163.262
292915.985,2801360.626,2164.632
292921.705,2801359.841,2164.1
292924.969,2801359.482,2163.529
292905.541,2801350.907,2163.117
292925.802,2801348.175,2162.497
292916.782,2801349.526,2164.698
292918.236,2801349.315,2164.316
292909.023,2801350.641,2163.894
292920.764,2801351.398,2174.223
292911.843,2801361.049,2163.966
292909.143,2801350.391,2163.665
292922.894,2801348.717,2163.516
292915.737,2801360.721,2164.922
292909.82,2801358.975,2173.531
292920.457,2801354.482,2170.481
292918.069,2801349.374,2164.749
292928.519,2801347.914,2161.807
292928.803,2801347.761,2161.724
292928.722,2801347.902,2162.209
292927.692,2801347.899,2162.607
292918.215,2801349.279,2164.839
292924.064,2801348.623,2162.862
292914.964,2801349.634,2165.284
292906.863,2801356.202,2169.18
292927.515,2801353.44,2168.735
292914.28,2801349.821,2165.036
292925.651,2801353.772,2168.9
292929.168,2801353.307,2168.335
292926.962,2801353.61,2168.866
292917.169,2801349.43,2165.041
292912.87,2801350.097,2164.769
292930.048,2801353.211,2167.874
292926.684,2801353.756,2168.906
292930.023,2801353.197,2167.648
292908.205,2801350.505,2163.77
292911.329,2801350.104,2164.486
292910.195,2801350.242,2163.807
292923.552,2801348.444,2163.553
292922.425,2801348.616,2163.748
292919.053,2801349.054,2164.233
292921.975,2801348.694,2163.38
292926.784,2801348.038,2162.402
292924.221,2801348.454,2162.899
292927.49,2801347.962,2162.544
292907.502,2801350.783,2163.053
292921.023,2801348.973,2163.67
292923.403,2801348.693,2163.025
292910.215,2801350.457,2164.226
292917.647,2801349.477,2164.382
292923.839,2801348.638,2163.338
292920.824,2801349.057,2163.643
292926.573,2801348.323,2162.439
292917.409,2801349.476,2165.042
292923.185,2801348.72,2163.173
292913.875,2801349.878,2164.803
292909.143,2801350.391,2163.665
292918.339,2801349.21,2164.688
292928.224,2801358.983,2162.272
292921.085,2801359.935,2163.997
292917.362,2801360.259,2165.02
292916.32,2801360.436,2164.826
292918.734,2801360.097,2164.775
292917.226,2801360.424,2164.992
292912.079,2801360.98,2164.276
292908.747,2801361.405,2163.493
292908.443,2801361.467,2163.453
292914.076,2801360.737,2164.316
292924.867,2801359.301,2163.075
292907.904,2801361.585,2163.333
292927.011,2801359.025,2162.962
292927.631,2801358.911,2162.692
292920.389,2801359.853,2164.04
292929.426,2801358.703,2162.395
292913.22,2801360.956,2164.38
292922.167,2801359.787,2163.74
292930.459,2801358.538,2161.941
292911.843,2801361.049,2163.966
292909.629,2801361.455,2163.138
292926.27,2801359.253,2163.092
292923.107,2801359.696,2163.926
292908.542,2801361.712,2163.039
292921.198,2801359.982,2164.385
292924.517,2801359.552,2163.511
292925.588,2801359.335,2163.351
292908.634,2801361.676,2163.247
292908.484,2801361.485,2163.027
292926.768,2801359.03,2162.532
292929.314,2801358.859,2162.41
292919.924,2801360.138,2164.263
292916.265,2801360.638,2165.087
292915.247,2801349.583,2165.155
292916.032,2801349.717,2164.868
292923.831,2801348.427,2163.459
292925.099,2801348.246,2163.114
292924.421,2801353.918,2169.308
292917.112,2801360.284,2164.968
292913.74,2801360.798,2164.338
292927.979,2801358.88,2162.264
292923.63,2801359.579,2163.354
292907.846,2801350.582,2163.653
292912.709,2801360.964,2163.9
292923.63,2801359.579,2163.354
292915.23,2801360.794,2164.957
292906.109,2801356.314,2169.186
292918.373,2801360.158,2165.111
292916.035,2801349.457,2165.373
292918.958,2801360.097,2164.967
292914.444,2801349.704,2165.217
292915.633,2801360.617,2165.091
292925.104,2801353.88,2169.318
292917.226,2801360.424,2164.992
292926.49,2801353.687,2168.982
292913.412,2801349.987,2164.892
292917.056,2801360.465,2164.893
292906.526,2801361.749,2163.015
292909.009,2801361.399,2163.435
292908.934,2801361.4,2163.151
292911.117,2801361.118,2164.013
292912.821,2801360.927,2164.375
292914.076,2801360.737,2164.316
292922.548,2801359.596,2163.639
292909.495,2801361.321,2163.137
292924.028,2801359.377,2163.229
292920.201,2801359.908,2163.961
292919.985,2801359.966,2164.716
292915.257,2801360.623,2164.44
292912.491,2801361.041,2163.821
292909.629,2801361.455,2163.138
292921.833,2801359.87,2163.776
292905.764,2801361.983,2162.276
292925.588,2801359.335,2163.351
292906.662,2801361.945,2162.948
292908.205,2801350.505,2163.77
292904.033,2801351.124,2162.405
292913.174,2801349.877,2164.435
292909.585,2801350.361,2164.109
292920.582,2801348.849,2163.923
292904.521,2801351.024,2162.846
292922.425,2801348.616,2163.748
292910.654,2801350.177,2163.97
292912.114,2801350.013,2164.659
292911.408,2801350.242,2164.014
292918.643,2801349.177,2164.326
292923.399,2801348.532,2163.511
292922.548,2801348.607,2163.433
292925.145,2801348.356,2162.637
292918.047,2801349.408,2164.408
292925.54,2801348.416,2162.936
292922.618,2801348.813,2163.473
292904.441,2801351.255,2162.712
292918.405,2801360.288,2164.617
292923.289,2801359.754,2163.922
292925.298,2801348.3,2163.057
292905.477,2801356.408,2169.07
292903.766,2801356.802,2168.578
292913.305,2801360.86,2164.102
292911.333,2801361.214,2163.835
292925.303,2801359.454,2162.855
292918.339,2801349.21,2164.688
292924.183,2801348.358,2163.476
292902.602,2801351.263,2162.062
292918.086,2801360.362,2164.835
292913.234,2801349.834,2164.791
292924.421,2801353.918,2169.308
292919.145,2801360.01,2164.451
292926.618,2801359.136,2162.62
292926.909,2801359.205,2162.569
292904.716,2801351.03,2162.563
292905.659,2801350.819,2162.618
292913.613,2801349.872,2164.711
292912.81,2801350.128,2164.172
292913.323,2801350.051,2164.611
292921.407,2801351.213,2174.096
292920.203,2801354.563,2170.23
292909.162,2801355.932,2169.482
292907.423,2801356.11,2169.518
292906.932,2801353.071,2173.48
292911.545,2801355.607,2170.425
292907.165,2801353.032,2173.463
292918.573,2801354.655,2170.943
292915.193,2801351.959,2175.113
292915.284,2801355.115,2171.121
292909.709,2801355.818,2169.802
292910.935,2801355.645,2170.048
292923.539,2801357.14,2173.591
292927.115,2801356.669,2172.81
292920.303,2801354.479,2170.363
292929.29,2801350.209,2172.52
292922.919,2801354.208,2169.721
292928.292,2801350.317,2172.677
292927.928,2801356.63,2172.712
292924.89,2801353.951,2169.367
292910.461,2801355.73,2170.156
292912.957,2801352.276,2174.709
292922.111,2801351.042,2174.006
292921.646,2801351.208,2174.048
292907.728,2801359.264,2173.159
292911.513,2801358.795,2173.965
292912.175,2801358.652,2174.095
292918.132,2801357.836,2174.755
292921.152,2801357.486,2174.138
292914.887,2801358.341,2174.79
292923.983,2801357.272,2173.392
292909.866,2801358.979,2173.778
292919.812,2801351.362,2174.476
292912.667,2801355.44,2170.693
292924.229,2801353.871,2169.536
292923.611,2801350.902,2173.649
292907.613,2801352.986,2173.656
292924.678,2801350.814,2173.366
292918.467,2801351.643,2174.8
292913.515,2801358.491,2174.399
292924.728,2801353.822,2169.433
292907.728,2801359.264,2173.159
292920.203,2801354.563,2170.23
292919.741,2801354.523,2170.406
292917.092,2801354.847,2171.122
292908.796,2801355.956,2169.817
292906.476,2801359.42,2172.95
292909.122,2801352.767,2173.976
292907.023,2801359.362,2173.066
292908.515,2801352.851,2173.772
292909.395,2801359.021,2173.508
292915.478,2801351.923,2175.22
292912.175,2801358.652,2174.095
292914.59,2801355.144,2171.041
292914.449,2801355.245,2170.76
292923.936,2801357.089,2173.547
292915.7,2801358.204,2174.86
292913.796,2801358.455,2174.45
292922.131,2801357.326,2173.895
292913.469,2801352.199,2174.701
292918.243,2801351.558,2174.771
292916.716,2801354.94,2171.37
292916.872,2801358.068,2175.06
292918.55,2801354.673,2170.475
292920.303,2801354.479,2170.363
292917.314,2801354.911,2170.962
292925.487,2801356.933,2173.201
292903.925,2801353.514,2172.726
292918.439,2801354.756,2170.816
292911.421,2801358.865,2173.823
292923.673,2801357.29,2173.59
292922.314,2801354.341,2169.799
292925.404,2801350.758,2173.403
292921.895,2801351.258,2173.895
292924.11,2801350.781,2173.645
292903.8,2801353.494,2172.873
292922.393,2801351.171,2173.827
292906.19,2801353.156,2173.335
292916.904,2801354.885,2171.384
292910.063,2801352.668,2174.117
292923.476,2801354.095,2169.683
292914.316,2801355.299,2170.98
292906.437,2801353.14,2173.359
292912.327,2801352.339,2174.545
292917.205,2801354.833,2171.33
292924.638,2801357.116,2173.398
292915.795,2801358.365,2174.906
292912.143,2801355.484,2170.565
292918.447,2801349.149,2164.344
292906.419,2801350.913,2163.291
292918.462,2801349.34,2164.457
292908.798,2801350.66,2163.976
292919.73,2801359.997,2164.752
292921.581,2801359.742,2164.316
292913.393,2801360.934,2164.567
292925.216,2801359.45,2163.414
292910.86,2801361.149,2163.763
292927.013,2801359.21,2162.906
292906.082,2801350.811,2163.281
292922.769,2801359.573,2163.589
292924.064,2801348.623,2162.862
292912.672,2801349.882,2164.763
292906.084,2801356.294,2168.982
292915.851,2801360.512,2165.171
292917.74,2801360.35,2165.001
292921.727,2801359.7,2163.836
292918.813,2801360.242,2164.645
292914.081,2801349.741,2164.666
292907.502,2801350.783,2163.053
292923.616,2801348.633,2163
292913.621,2801360.792,2164.195
292906.437,2801353.14,2173.359
292920.49,2801357.575,2174.29
292911.965,2801358.707,2174.08
292916.423,2801358.05,2175.032
292919.456,2801351.403,2174.547
292919.013,2801357.76,2174.58
292920.661,2801354.439,2170.431
292913.699,2801349.788,2164.558
292908.244,2801361.658,2163.07
292911.056,2801355.663,2170.309
292922.233,2801359.634,2164.17
292913.404,2801355.351,2170.911
292928.663,2801353.358,2168.344
292905.985,2801350.838,2163.09
292917.674,2801357.958,2174.892
292907.846,2801350.582,2163.653
292929.29,2801353.31,2167.955
292911.882,2801349.999,2164.571
292917.343,2801349.494,2164.526
292909.727,2801350.493,2164.081
292918.732,2801349.358,2164.227
292916.144,2801360.697,2164.764
292921.727,2801359.7,2163.836
292909.242,2801361.595,2163.419
292919.032,2801360.248,2164.438
292911.543,2801350.1,2164.077
292906.101,2801361.818,2162.904
292917.597,2801349.49,2164.746
292904.395,2801362.005,2162.508
292913.983,2801360.824,2164.189
292919.388,2801360.181,2164.518
292903.736,2801351.099,2162.825
292917.598,2801349.261,2164.59
292905.234,2801350.932,2162.865
292906.701,2801361.684,2162.68
292907.84,2801356.091,2169.553
292922.699,2801350.976,2173.906
292918.704,2801351.631,2174.609
292913.99,2801358.564,2174.466
292918.199,2801354.898,2171.023
292903.771,2801359.791,2172.368
292905.981,2801359.492,2172.847
292924.917,2801353.772,2169.358
292923.399,2801353.996,2169.53
292924.51,2801350.917,2173.492
292923.889,2801354.009,2169.577
292923.434,2801348.482,2163.047
292916.87,2801354.923,2171.178
292915.387,2801349.591,2166.62
292915.459,2801349.547,2168.157
292915.514,2801349.583,2165.674
292915.445,2801349.634,2166.817
292915.363,2801349.581,2168.004
292915.243,2801349.501,2167.851
292915.617,2801349.56,2165.833
292915.647,2801349.551,2168.184
292915.356,2801349.59,2165.888
292915.203,2801349.612,2166.558
292915.471,2801349.682,2166.291
292915.977,2801349.586,2165.921
292915.972,2801349.817,2167.98
292915.929,2801349.547,2167.673
292915.953,2801349.618,2167.328
292915.981,2801349.476,2166.5
292915.854,2801349.649,2166.523
292915.706,2801349.738,2167.48
292915.887,2801349.631,2165.461
292915.962,2801349.682,2166.382
292915.916,2801349.776,2166.002
292915.897,2801349.593,2166.224
292915.838,2801349.57,2168.07
292915.577,2801349.704,2167.055
292915.57,2801349.784,2166.405
292915.909,2801349.791,2167.168
292916.814,2801360.385,2167.997
292917.209,2801360.363,2166.444
292916.766,2801360.349,2167.788
292916.853,2801360.256,2166.229
292916.877,2801360.329,2166.024
292917.197,2801360.286,2165.815
292916.631,2801360.385,2167.236
292917.318,2801360.232,2165.953
292916.932,2801360.298,2165.594
292916.939,2801360.277,2166.693
292917.1,2801360.246,2167.826
292916.942,2801360.382,2167.05
292917.325,2801360.334,2167.466
292917.373,2801360.317,2167.079
292917.306,2801360.352,2166.884
292917.347,2801360.546,2168
292917.37,2801360.405,2167.701
292917.412,2801360.255,2167.824
292917.519,2801360.367,2165.771
292917.11,2801360.434,2165.688
292917.043,2801360.431,2167.201
292917.353,2801360.394,2166.192
292917.483,2801360.468,2165.575
292917.448,2801360.272,2166.732
292917.309,2801360.421,2166.666
292917.462,2801360.481,2166.775
292917.494,2801360.531,2166.438
292917.495,2801360.548,2167.722
292917.025,2801360.349,2165.902
292917.508,2801360.386,2166.007
292916.803,2801360.341,2166.911
292917.441,2801360.517,2167.115
292917.412,2801360.539,2167.47
292915.24,2801349.606,2166.276
292915.893,2801349.553,2167.885
292915.382,2801349.622,2167.533
292915.903,2801349.746,2165.809
292917.213,2801360.26,2166.172
292917.423,2801360.559,2166.244
292917.104,2801360.423,2166.123
292915.514,2801349.583,2165.674
292915.24,2801349.606,2166.276
292915.713,2801349.541,2166.649
292915.445,2801349.634,2166.817
292915.363,2801349.581,2168.004
292915.243,2801349.501,2167.851
292916.766,2801360.349,2167.788
292915.148,2801349.632,2167.403
292916.877,2801360.329,2166.024
292915.647,2801349.551,2168.184
292916.729,2801360.376,2167.571
292915.356,2801349.59,2165.888
292917.197,2801360.286,2165.815
292915.416,2801349.591,2167.154
292915.893,2801349.553,2167.885
292917.318,2801360.232,2165.953
292915.382,2801349.622,2167.533
292916.939,2801360.277,2166.693
292917.1,2801360.246,2167.826
292916.878,2801360.408,2166.554
292915.471,2801349.682,2166.291
292917.43,2801360.247,2166.309
292917.325,2801360.334,2167.466
292917.373,2801360.317,2167.079
292915.977,2801349.586,2165.921
292917.347,2801360.546,2168
292917.37,2801360.405,2167.701
292915.972,2801349.817,2167.98
292917.412,2801360.255,2167.824
292915.929,2801349.547,2167.673
292917.286,2801360.431,2167.87
292915.953,2801349.618,2167.328
292915.772,2801349.622,2165.621
292915.981,2801349.476,2166.5
292917.11,2801360.434,2165.688
292917.353,2801360.394,2166.192
292917.481,2801360.425,2166.589
292917.483,2801360.468,2165.575
292917.448,2801360.272,2166.732
292915.854,2801349.649,2166.523
292915.511,2801349.737,2166.112
292917.309,2801360.421,2166.666
292915.903,2801349.746,2165.809
292917.402,2801360.584,2166.039
292917.462,2801360.544,2165.757
292915.706,2801349.738,2167.48
292915.887,2801349.631,2165.461
292917.494,2801360.531,2166.438
292915.962,2801349.682,2166.382
292917.423,2801360.559,2166.244
292915.916,2801349.776,2166.002
292917.025,2801360.349,2165.902
292917.508,2801360.386,2166.007
292916.803,2801360.341,2166.911
292916.982,2801360.396,2166.307
292915.838,2801349.57,2168.07
292917.412,2801360.539,2167.47
292917.071,2801360.443,2166.753
292916.651,2801360.368,2166.448
292917.104,2801360.423,2166.123
292915.57,2801349.784,2166.405
292915.909,2801349.791,2167.168
292916.814,2801360.385,2167.997
292915.617,2801349.56,2165.833
292915.969,2801349.558,2166.973
292917.306,2801360.352,2166.884
292917.443,2801360.396,2167.326
292915.679,2801349.652,2167.224
292917.519,2801360.367,2165.771
292917.271,2801360.238,2168.011
292917.441,2801360.517,2167.115
292916.33,2801354.24,2172.388
292916.222,2801354.057,2172.624
292916.593,2801355.456,2172.051
292916.561,2801355.843,2172.419
292916.369,2801354.603,2172.062
292916.564,2801355.027,2171.425
292916.228,2801354.531,2172.114
292916.288,2801354.43,2172.226
292916.209,2801353.709,2172.866
292916.629,2801356.038,2172.611
292916.466,2801356.288,2172.884
292916.306,2801355.023,2171.834
292916.182,2801353.633,2173.524
292915.966,2801354.021,2172.679
292916.062,2801354.207,2172.348
292916.511,2801354.876,2171.479
292916.401,2801354.667,2172.192
292916.135,2801353.555,2172.93
292916.292,2801353.753,2172.661
292916.725,2801356.377,2173.24
292916.559,2801356.271,2172.725
292916.167,2801353.297,2173.195
292916.464,2801356.506,2172.95
292916.644,2801356.494,2172.833
292916.427,2801355.348,2171.981
292916.413,2801354.444,2172.241
292916.411,2801353.561,2173.592
292916.415,2801355.746,2172.35
292916.113,2801354.613,2172.18
292916.367,2801353.984,2172.536
292916.132,2801353.485,2173.135
292916.475,2801355.134,2171.601
292916.35,2801354.504,2172.476
292916.731,2801356.201,2172.649
292916.369,2801355.202,2171.752
292916.65,2801355.632,2172.078
292916.418,2801356.061,2172.63
292916.341,2801355.846,2172.528
292916.541,2801356.388,2173.152
292916.534,2801356.364,2173.387
292916.531,2801355.392,2171.816
292916.272,2801353.243,2173.429
292916.4,2801354.927,2171.652
292916.193,2801353.436,2173.722
292916.31,2801353.371,2173.051
292916.448,2801354.891,2171.844
292916.412,2801354.907,2172.163
292916.507,2801355.594,2172.257
292916.33,2801354.24,2172.388
292916.222,2801354.057,2172.624
292916.343,2801354.787,2172.002
292916.593,2801355.456,2172.051
292916.369,2801354.603,2172.062
292916.15,2801353.871,2172.607
292916.294,2801354.967,2171.498
292916.288,2801354.43,2172.226
292916.209,2801353.709,2172.866
292916.629,2801356.038,2172.611
292916.466,2801356.288,2172.884
292916.306,2801355.023,2171.834
292916.238,2801355.634,2172.244
292916.28,2801355.388,2172.092
292916.062,2801354.207,2172.348
292916.193,2801353.436,2173.722
292916.076,2801355.046,2171.451
292916.511,2801354.876,2171.479
292916.403,2801355.167,2171.937
292916.401,2801354.667,2172.192
292916.135,2801353.555,2172.93
292916.725,2801356.377,2173.24
292916.559,2801356.271,2172.725
292916.167,2801353.297,2173.195
292916.31,2801353.371,2173.051
292916.644,2801356.494,2172.833
292916.413,2801354.444,2172.241
292916.411,2801353.561,2173.592
292916.415,2801355.746,2172.35
292916.367,2801353.984,2172.536
292916.132,2801353.485,2173.135
292916.475,2801355.134,2171.601
292916.35,2801354.504,2172.476
292916.731,2801356.201,2172.649
292916.589,2801356.027,2172.424
292916.322,2801353.558,2172.856
292916.412,2801354.907,2172.163
292916.418,2801356.061,2172.63
292916.541,2801356.388,2173.152
292916.188,2801354.144,2172.467
292916.228,2801353.633,2173.801
292916.272,2801353.243,2173.429
292916.042,2801354.463,2172.284
292916.477,2801354.679,2171.971
292916.464,2801356.506,2172.95
292916.479,2801355.389,2172.178
292916.113,2801354.613,2172.18
292916.65,2801355.632,2172.078
292916.531,2801355.392,2171.816
292915.148,2801349.632,2167.403
292915.969,2801349.558,2166.973
292915.976,2801349.643,2166.749
292915.772,2801349.622,2165.621
292916.878,2801360.408,2166.554
292917.443,2801360.396,2167.326
292917.462,2801360.544,2165.757
292916.982,2801360.396,2166.307
292916.651,2801360.368,2166.448
292915.416,2801349.591,2167.154
292915.662,2801349.571,2166.007
292916.932,2801360.298,2165.594
292915.203,2801349.612,2166.558
292916.631,2801360.385,2167.236
292915.897,2801349.593,2166.224
292916.343,2801354.787,2172.002
292916.294,2801354.967,2171.498
292916.076,2801355.046,2171.451
292916.403,2801355.167,2171.937
292916.275,2801353.875,2172.836
292916.775,2801356.516,2173.613
292916.322,2801353.558,2172.856
292916.416,2801355.205,2171.355
292916.561,2801355.843,2172.419
292916.182,2801353.633,2173.524
292916.292,2801353.753,2172.661
292916.448,2801354.891,2171.844
292916.341,2801355.846,2172.528
292916.507,2801355.594,2172.257
292916.416,2801355.205,2171.355
292916.238,2801355.634,2172.244
292917.271,2801360.238,2168.011
292917.209,2801360.363,2166.444
292916.427,2801355.348,2171.981
292915.679,2801349.652,2167.224
292915.662,2801349.571,2166.007
292915.387,2801349.591,2166.62
292915.577,2801349.704,2167.055
292916.228,2801353.633,2173.801
292916.534,2801356.364,2173.387
292915.713,2801349.541,2166.649
292915.511,2801349.737,2166.112
292915.643,2801349.654,2166.232
292916.729,2801360.376,2167.571
292917.43,2801360.247,2166.309
292917.286,2801360.431,2167.87
292917.402,2801360.584,2166.039
292917.071,2801360.443,2166.753
292916.853,2801360.256,2166.229
292917.213,2801360.26,2166.172
292916.942,2801360.382,2167.05
292915.976,2801349.643,2166.749
292917.043,2801360.431,2167.201
292917.462,2801360.481,2166.775
292917.495,2801360.548,2167.722
292915.459,2801349.547,2168.157
292915.643,2801349.654,2166.232
292916.15,2801353.871,2172.607
292916.28,2801355.388,2172.092
292916.477,2801354.679,2171.971
292916.479,2801355.389,2172.178
292916.589,2801356.027,2172.424
292916.188,2801354.144,2172.467
292916.228,2801354.531,2172.114
292915.966,2801354.021,2172.679
292916.275,2801353.875,2172.836
292916.775,2801356.516,2173.613
292916.369,2801355.202,2171.752
292916.564,2801355.027,2171.425
292917.481,2801360.425,2166.589
292916.042,2801354.463,2172.284
292916.4,2801354.927,2171.652
