276503.439,2798436.627,2272.041
276505.563,2798440.588,2273.025
276503.837,2798437.413,2271.827
276505.932,2798441.306,2272.83
276505.269,2798440.081,2272.885
276505.009,2798439.705,2272.375
276503.293,2798436.373,2272.005
276503.725,2798437.155,2272.18
276505.793,2798440.995,2272.673
276505.301,2798440.162,2272.51
276506.336,2798442.042,2272.961
276505.39,2798440.368,2272.94
276506.185,2798441.806,2272.919
276506.442,2798442.283,2273.443
276504.526,2798438.619,2272.533
276504.919,2798439.365,2272.351
276505.028,2798439.577,2272.802
276506.249,2798441.887,2273.333
276504.073,2798437.937,2271.933
276505.877,2798441.329,2273.254
276504.636,2798438.925,2272.163
276504.181,2798438.34,2272.04
276503.888,2798437.785,2271.955
276503.622,2798437.12,2271.979
276505.652,2798435.097,2280.771
276503.617,2798436.944,2272.168
276504.932,2798439.416,2272.746
276506.119,2798441.557,2272.848
276503.296,2798436.381,2271.56
276504.333,2798438.252,2272.464
276505.677,2798440.803,2273.087
276505.77,2798440.975,2273.152
276503.862,2798437.408,2272.232
276505.17,2798439.931,2272.591
276505.855,2798441.129,2273.194
276506.426,2798442.282,2273.05
276504.984,2798439.59,2272.596
276504.415,2798438.458,2272.519
276503.744,2798437.176,2271.739
276505.975,2798441.487,2273.268
276503.246,2798436.343,2271.827
276504.41,2798438.557,2272.055
276504.785,2798439.146,2272.15
276505.303,2798440.205,2273.072
276504.204,2798438.25,2272.2
276504.078,2798438.124,2272.322
276503.966,2798437.788,2272.134
276509.522,2798448.028,2274.149
276526.182,2798444.471,2273.77
276516.301,2798443.477,2274.1
276509.738,2798448.532,2274.123
276516.67,2798444.14,2274.045
276512.89,2798454.553,2273.397
276510.591,2798449.958,2273.99
276509.307,2798447.696,2274.18
276519.624,2798449.623,2273.57
276527.43,2798446.97,2273.549
276527.571,2798447.266,2273.087
276518.293,2798447.104,2273.788
276520.04,2798450.472,2273.441
276517.38,2798445.457,2273.923
276517.552,2798445.826,2273.718
276527.596,2798447.254,2273.533
276517.241,2798445.214,2273.855
276520.194,2798450.875,2273.31
276518.99,2798448.599,2273.629
276528.002,2798448.261,2273.375
276513.041,2798454.805,2273.372
276518.036,2798429.313,2272.093
276518.565,2798430.235,2272.016
276519.067,2798431.179,2272.653
276515.141,2798441.156,2273.835
276523.847,2798440.108,2274.126
276512.919,2798437.048,2273.003
276510.783,2798433.011,2271.901
276518.134,2798429.42,2272.204
276512.031,2798435.411,2272.596
276511.673,2798434.813,2272.374
276523.05,2798438.735,2273.92
276523.935,2798440.373,2273.682
276507.036,2798443.452,2273.327
276511.448,2798434.386,2272.258
276513.57,2798438.265,2273.214
276519.831,2798432.772,2272.922
276522.306,2798437.375,2274.131
276516.523,2798443.931,2273.943
276516.88,2798444.499,2274.025
276511.9,2798435.21,2272.436
276519.5,2798432.038,2272.811
276518.298,2798429.78,2272.3
276512.212,2798435.728,2272.669
276521.675,2798436.001,2273.807
276508.039,2798445.252,2274.174
276520.328,2798433.445,2273.183
276524.196,2798440.701,2274.21
276521.781,2798436.173,2273.844
276514.859,2798440.692,2273.764
276517.828,2798428.83,2272.074
276517.711,2798428.65,2271.626
276524.162,2798440.708,2273.921
276510.534,2798432.543,2271.832
276521.458,2798435.55,2273.697
276514.74,2798440.46,2273.736
276521.517,2798435.758,2273.798
276511.813,2798434.987,2272.511
276511.059,2798433.488,2272.152
276524.374,2798441.007,2274.09
276511.349,2798434.032,2272.234
276519.471,2798431.911,2272.408
276511.974,2798435.209,2272.604
276526.748,2798445.528,2273.328
276512.371,2798453.278,2273.726
276518.101,2798429.394,2271.828
276506.907,2798443.031,2273.185
276524.867,2798442.042,2273.944
276522.592,2798437.7,2273.87
276518.4,2798429.976,2272.346
276513.197,2798437.524,2273.123
276513.057,2798437.313,2272.98
276507.695,2798444.618,2273.864
276516.126,2798442.978,2274.028
276515.643,2798442.22,2274.157
276508.165,2798445.571,2273.847
276507.386,2798444.131,2273.403
276527.43,2798446.829,2273.119
276510.527,2798449.883,2273.573
276513.457,2798438.097,2273.165
276526.811,2798445.727,2273.244
276523.967,2798440.361,2274.129
276523.698,2798439.9,2273.704
276509.294,2798447.603,2273.76
276514.231,2798439.546,2273.556
276524.566,2798441.532,2273.64
276511.763,2798452.204,2273.361
276524.086,2798440.598,2274.099
276517.915,2798429.091,2272.138
276510.192,2798449.165,2274.131
276519.954,2798432.835,2273.073
276512.034,2798435.444,2272.418
276510.934,2798450.525,2273.928
276508.481,2798446.1,2274.341
276520.834,2798434.547,2273.446
276509.624,2798448.247,2274.144
276509.676,2798448.319,2273.714
276514.14,2798439.405,2273.38
276521.213,2798435.197,2273.593
276509.911,2798448.736,2273.693
276520.888,2798451.884,2273.358
276522.349,2798437.319,2273.725
276516.483,2798443.656,2274.093
276527.814,2798447.564,2273.171
276506.827,2798443.011,2273.638
276513.763,2798438.644,2273.394
276519.81,2798449.981,2273.403
276521.125,2798435.157,2273.396
276518.867,2798448.202,2273.488
276520.165,2798450.656,2273.333
276511.544,2798451.666,2273.694
276507.7,2798444.517,2273.476
276526.362,2798444.809,2273.323
276521.336,2798435.341,2273.224
276526.819,2798445.733,2273.647
276528.198,2798448.26,2273.437
276511.475,2798451.62,2273.463
276528.204,2798448.34,2273.034
276506.702,2798442.781,2273.451
276512.615,2798453.756,2273.623
276510.281,2798449.494,2274.011
276512.078,2798452.844,2273.299
276520.329,2798433.711,2272.751
276512.64,2798453.763,2273.238
276512.75,2798436.743,2272.878
276515.855,2798442.641,2274.009
276525.091,2798442.504,2273.539
276520.538,2798433.921,2272.867
276511.544,2798434.544,2272.397
276508.89,2798446.945,2274.281
276517.096,2798444.763,2274.016
276526.126,2798444.444,2273.357
276520.97,2798452.058,2273.326
276507.377,2798444.24,2273.676
276517.144,2798445.04,2273.796
276516.883,2798444.645,2273.912
276518.447,2798447.473,2273.713
276519.419,2798449.354,2273.377
276513.238,2798455.037,2273.493
276525.643,2798443.72,2273.846
276513.739,2798455.987,2273.003
276525.061,2798442.483,2273.944
276508.971,2798447.114,2274.249
276517.887,2798429.159,2271.691
276512.468,2798453.584,2273.772
276513.729,2798455.952,2273.465
276528.226,2798448.45,2273.4
276525.882,2798444.2,2273.326
276514.075,2798456.631,2273.249
276516.178,2798443.304,2273.982
276526.201,2798444.671,2273.292
276512.468,2798453.683,2273.238
276527.255,2798446.731,2273.557
276526.398,2798445.088,2273.664
276521.885,2798436.842,2273.48
276508.087,2798445.431,2273.975
276518.588,2798447.73,2273.654
276522.997,2798438.75,2274.302
276518.833,2798448.221,2273.684
276526.229,2798444.784,2273.71
276521.083,2798452.398,2273.295
276520.188,2798433.508,2273.045
276508.325,2798445.895,2274.388
276521.096,2798452.422,2273.087
276514.035,2798456.555,2272.978
276511.515,2798451.836,2273.79
276520.453,2798451.296,2273.314
276519.438,2798432.11,2272.387
276512.213,2798453.25,2273.622
276521.215,2798452.691,2273.289
276511.927,2798452.676,2273.327
276510.958,2798450.993,2273.664
276522.721,2798438.42,2274.288
276509.752,2798448.722,2273.94
276509.872,2798448.972,2274.02
276507.922,2798445.39,2274.138
276508.707,2798446.855,2273.848
276510.26,2798449.687,2274.008
276517.807,2798428.91,2271.72
276518.481,2798430.208,2272.46
276512.824,2798436.856,2273.037
276518.808,2798430.795,2272.508
276508.742,2798446.534,2274.267
276509.062,2798447.095,2273.847
276522.816,2798438.184,2274.317
276508.842,2798446.726,2273.878
276522.983,2798438.486,2274.358
276508.886,2798446.761,2274.274
276519.781,2798432.523,2272.738
276520.798,2798434.347,2273.395
276521.734,2798436.175,2273.388
276520.384,2798433.672,2273.347
276518.253,2798429.596,2272.257
276524.222,2798440.84,2273.7
276510.077,2798449.039,2273.66
276523.686,2798439.81,2274.056
276523.618,2798439.604,2274.209
276523.473,2798439.429,2274.229
276509.285,2798447.495,2274.194
276510.442,2798449.619,2273.863
276513.88,2798438.922,2273.051
276512.455,2798436.213,2272.722
276521.017,2798434.781,2273.096
276519.551,2798432.166,2272.969
276523.775,2798439.933,2274.172
276522.051,2798436.728,2273.61
276518.783,2798430.648,2272.112
276510.64,2798450.078,2273.57
276525.418,2798443.021,2273.908
276524.498,2798441.322,2274.038
276507.592,2798444.311,2273.918
276511.018,2798450.746,2273.896
276520.491,2798433.876,2273.271
276510.759,2798432.887,2272.074
276516.811,2798444.253,2274.08
276521.197,2798435.179,2273.163
276514.743,2798440.325,2273.476
276525.831,2798443.791,2273.91
276526.082,2798444.282,2273.76
276506.992,2798443.249,2273.219
276507.193,2798443.597,2273.752
276522.65,2798437.856,2274.153
276513.658,2798438.321,2273.382
276525.372,2798443.007,2273.52
276519.547,2798449.387,2273.525
276525.17,2798442.589,2273.776
276518.758,2798430.515,2272.439
276517.634,2798428.547,2272
276515.373,2798441.708,2274.202
276519.363,2798431.687,2272.439
276519.921,2798432.741,2272.639
276509.875,2798448.661,2274.128
276510.01,2798448.871,2273.614
276511.411,2798434.196,2272.344
276512.881,2798454.181,2273.639
276517.964,2798446.455,2273.732
276522.436,2798437.572,2273.878
276514.096,2798439.126,2273.587
276515.362,2798441.448,2274.135
276507.622,2798444.357,2273.561
276524.77,2798441.832,2273.944
276512.269,2798453.004,2273.589
276526.591,2798445.243,2273.288
276513.416,2798455.174,2273.228
276525.83,2798443.867,2273.71
276512.337,2798453.1,2273.263
276513.173,2798454.686,2273.166
276508.719,2798446.461,2273.857
276507.941,2798445.106,2274.006
276514.515,2798440.039,2273.645
276522.763,2798438.096,2273.919
276519.019,2798448.327,2273.724
276509.411,2798447.725,2273.927
276510.387,2798449.669,2273.627
276523.217,2798438.918,2273.887
276528.094,2798448.175,2272.964
276510.612,2798432.778,2271.835
276508.964,2798446.932,2273.84
276513.53,2798455.381,2273.5
276524.102,2798440.608,2273.726
276525.245,2798442.862,2273.557
276521.882,2798436.489,2273.77
276519.6,2798449.543,2273.403
276513.603,2798455.627,2273.06
276514.01,2798456.332,2273.393
276509.417,2798447.86,2274.157
276520.757,2798434.293,2272.962
276511.979,2798452.501,2273.309
276516.195,2798443.105,2274.152
276524.952,2798442.281,2273.575
276520.408,2798451.105,2273.331
276509.162,2798447.427,2274.027
276520.81,2798451.764,2273.14
276507.808,2798444.876,2274.094
276511.203,2798451.062,2273.447
276517.507,2798445.6,2273.694
276513.461,2798455.196,2273.461
276509.788,2798448.491,2273.669
276510.28,2798449.48,2273.612
276527.796,2798447.586,2273.468
276519.603,2798432.202,2272.485
276527.906,2798447.804,2273.045
276527.566,2798447.078,2273.621
276507.214,2798443.81,2273.642
276526.978,2798446.036,2273.509
276511.27,2798433.96,2272.39
276512.192,2798452.926,2273.76
276519.084,2798431.358,2272.31
276521.328,2798452.748,2273.111
276509.404,2798447.727,2273.665
276512.766,2798454.047,2273.524
276507.427,2798444.167,2273.923
276520.265,2798450.65,2273.487
276526.993,2798446.1,2273.178
276511.694,2798434.7,2272.525
276513.748,2798455.76,2273.065
276506.783,2798442.849,2273.283
276520.621,2798434.017,2273.302
276512.299,2798435.999,2272.53
276513.465,2798455.242,2273.062
276520.221,2798433.319,2273.09
276511.071,2798450.995,2273.869
276520.39,2798450.931,2273.485
276518.788,2798448.046,2273.568
276516.001,2798442.908,2273.861
276513.502,2798455.457,2273.053
276507.957,2798444.963,2273.77
276513.347,2798455.046,2273.091
276512.462,2798436.136,2272.902
276513.342,2798437.96,2273.031
276506.811,2798443.006,2273.425
276511.796,2798452.29,2273.857
276516.28,2798443.299,2274.134
276507.666,2798444.702,2273.47
276519.986,2798433.103,2272.591
276516.396,2798443.719,2273.947
276525.393,2798443.201,2273.43
276519.878,2798450.133,2273.492
276519.704,2798449.863,2273.521
276522.688,2798438.269,2273.906
276516.71,2798444.402,2273.933
276527.378,2798447.02,2273.084
276510.392,2798449.861,2274.012
276511.567,2798452.046,2273.649
276516.734,2798444.286,2273.794
276522.199,2798437.264,2273.637
276510.735,2798433.177,2271.967
276520.147,2798433.388,2273.251
276519.765,2798450.069,2273.242
276519.937,2798433.076,2273.081
276526.811,2798445.941,2273.608
276522.69,2798438.043,2274.348
276510.233,2798449.42,2273.83
276519.083,2798448.685,2273.483
276512.708,2798454.043,2273.772
276524.595,2798441.762,2274.007
276509.742,2798448.661,2273.709
276512.402,2798453.468,2273.642
276513.856,2798456.21,2273.412
276511.578,2798452.074,2273.36
276510.348,2798449.856,2273.669
276527.808,2798447.788,2273.483
276514.03,2798456.518,2273.384
276520.573,2798451.465,2273.361
276520.676,2798434.466,2272.902
276512.144,2798453.074,2273.258
276507.43,2798444.413,2274.013
276522.383,2798437.682,2273.57
276507.523,2798444.559,2273.703
276526.587,2798445.435,2273.255
276524.306,2798441.183,2274.048
276524.72,2798442.041,2273.522
276507.432,2798444.315,2273.47
276518.497,2798430.386,2272.523
276525.242,2798443.075,2273.35
276527.918,2798448.025,2273.027
276517.039,2798444.943,2273.969
276512.245,2798453.284,2273.259
276523.524,2798439.787,2273.639
276519.213,2798431.726,2272.329
276518.408,2798447.599,2273.59
276514.064,2798456.67,2272.796
276513.59,2798455.847,2273.515
276510.425,2798450.003,2273.897
276512.724,2798454.216,2273.478
276513.331,2798455.348,2273.402
276527.639,2798447.513,2273.524
276511.324,2798451.696,2273.792
276511.424,2798451.831,2273.526
276512.541,2798453.985,2273.246
276523.572,2798439.964,2274.021
276513.767,2798456.234,2273.16
276509.269,2798447.865,2273.833
276524.609,2798441.818,2273.82
276519.183,2798449.086,2273.44
276509.572,2798448.5,2273.571
276513.401,2798455.524,2273.429
276526.635,2798445.701,2273.614
276513.475,2798455.698,2273.327
276507.882,2798445.26,2273.691
276522.55,2798438.072,2273.844
276525.071,2798442.744,2273.42
276522.859,2798438.679,2273.739
276506.719,2798443.149,2273.313
276511.841,2798452.576,2273.55
276507.485,2798444.587,2273.48
276512.125,2798453.111,2273.754
276517.62,2798428.445,2271.553
276521.044,2798434.79,2273.514
276522.634,2798437.88,2273.906
276523.652,2798439.684,2273.828
276505.815,2798435.365,2280.745
276514.616,2798440.217,2273.727
276520.868,2798434.484,2273.055
276504.247,2798438.128,2272.022
276512.649,2798436.403,2272.888
276525.496,2798443.224,2273.736
276515.987,2798442.77,2274.176
276519.766,2798432.531,2272.946
276519.216,2798431.496,2272.268
276511.202,2798433.787,2272.318
276523.326,2798439.199,2274.233
276518.589,2798430.39,2272.349
276526.536,2798445.223,2273.686
276527.739,2798447.527,2272.995
276506.077,2798441.683,2273.268
276525.775,2798443.977,2273.367
276505.641,2798435.245,2280.668
276505.468,2798440.476,2272.59
276508.276,2798445.563,2274.265
276505.642,2798440.77,2272.639
276523.832,2798440.097,2273.625
276519.291,2798431.584,2272.742
276507.437,2798444.044,2273.744
276514.424,2798439.848,2273.475
276521.375,2798435.389,2273.662
276515.028,2798440.97,2273.81
276506.33,2798442.068,2273.392
276524.219,2798440.816,2274.057
276525.968,2798444.058,2273.831
276527.202,2798446.402,2273.567
276526.479,2798445.066,2273.342
276513.405,2798437.88,2273.261
276516.567,2798443.76,2273.9
276512.541,2798436.391,2272.712
276526.029,2798444.2,2273.549
276505.119,2798439.735,2272.734
276517.806,2798446.117,2273.895
276505.962,2798441.531,2272.688
276503.62,2798437.269,2271.838
276524.483,2798441.576,2274.02
276523.198,2798439.138,2273.836
276523.426,2798439.605,2274.163
276525.358,2798443.274,2273.844
276508.852,2798447.118,2273.928
276525.621,2798443.832,2273.641
276511.176,2798451.325,2273.916
276510.921,2798450.958,2273.434
276521.239,2798452.567,2273.126
276519.371,2798449.147,2273.445
276519.907,2798450.303,2273.386
276510.784,2798450.293,2273.949
276511.232,2798451.114,2273.86
276512.919,2798454.486,2273.573
276511.378,2798451.476,2273.388
276519.516,2798449.712,2273.454
276523.051,2798438.535,2273.922
276518.432,2798429.967,2271.941
276518.922,2798448.387,2273.546
276512.755,2798454.022,2273.194
276509.247,2798447.371,2273.664
276518.984,2798431.012,2272.627
276511.378,2798434.202,2272.147
276506.502,2798442.651,2273.512
276508.526,2798446.173,2273.727
276522.182,2798436.962,2273.643
276521.765,2798436.226,2273.575
276503.19,2798436.222,2271.973
276505.517,2798440.451,2272.828
276511.088,2798450.923,2273.519
276513.984,2798456.136,2273.042
276517.824,2798446.326,2273.83
276515.632,2798442.294,2273.89
276528.382,2798448.706,2273.355
276522.499,2798438.032,2274.287
276518.785,2798430.84,2272.064
276504.481,2798438.681,2272.194
276503.904,2798437.609,2272.264
276504.156,2798437.964,2272.353
276505.252,2798439.948,2272.419
276504.768,2798439.166,2272.338
276505.267,2798440.357,2272.622
276514.349,2798439.672,2273.643
276510.046,2798448.945,2274.067
276512.037,2798452.697,2273.683
276521.911,2798436.486,2273.506
276516.589,2798443.843,2274.117
276525.56,2798443.376,2273.469
276518.192,2798429.639,2271.847
276510.616,2798432.659,2271.999
276512.132,2798435.616,2272.55
276524.694,2798441.595,2274.02
276515.784,2798442.373,2274.088
276507.098,2798443.448,2273.693
276526.705,2798445.471,2273.667
276524.417,2798441.189,2273.654
276513.832,2798438.842,2273.43
276507.357,2798443.879,2273.838
276523.21,2798438.893,2274.286
276523.378,2798439.232,2273.827
276524.854,2798442.117,2273.617
276513.987,2798439.165,2273.103
276520.966,2798434.969,2273.065
276518.136,2798446.823,2273.755
276517.998,2798446.664,2273.822
276517.854,2798446.357,2273.623
276511.586,2798451.846,2273.372
276519.151,2798448.669,2273.679
276507.749,2798444.679,2274.04
276519.986,2798432.929,2272.665
276511.909,2798452.411,2273.757
276522.559,2798437.639,2274.244
276506.994,2798443.258,2273.695
276522.909,2798438.379,2273.917
276511.293,2798451.308,2273.458
276513.86,2798438.962,2273.283
276511.769,2798452.16,2273.727
276517.056,2798444.782,2273.751
276521.076,2798435.154,2272.977
276507.87,2798445.171,2274.183
276524.538,2798441.715,2273.652
276519.414,2798431.94,2273.012
276510.105,2798449.332,2273.955
276513.143,2798454.878,2273.092
276510.74,2798450.457,2273.697
276509.621,2798448.399,2274.026
276527.979,2798448.105,2273.504
276527.421,2798447.183,2273.475
276511.927,2798452.76,2273.161
276523.916,2798440.53,2274.204
276507.39,2798443.904,2273.486
276511.21,2798433.917,2272.154
276519.744,2798432.497,2272.545
276515.529,2798441.748,2274.098
276524.987,2798442.63,2273.792
276505.255,2798434.313,2280.665
276503.439,2798436.627,2272.041
276505.563,2798440.588,2273.025
276503.089,2798435.994,2271.464
276503.837,2798437.413,2271.827
276505.932,2798441.306,2272.83
276505.269,2798440.081,2272.885
276504.977,2798433.883,2280.525
276505.009,2798439.705,2272.375
276505.584,2798434.911,2280.781
276505.115,2798434.074,2280.535
276503.293,2798436.373,2272.005
276503.725,2798437.155,2272.18
276505.301,2798440.162,2272.51
276504.849,2798439.255,2272.657
276502.907,2798435.649,2271.428
276506.336,2798442.042,2272.961
276505.39,2798440.368,2272.94
276503.442,2798436.7,2271.662
276506.442,2798442.283,2273.443
276504.526,2798438.619,2272.533
276504.919,2798439.365,2272.351
276502.811,2798435.557,2271.228
276504.481,2798438.681,2272.194
276505.028,2798439.577,2272.802
276503.085,2798435.933,2271.795
276504.073,2798437.937,2271.933
276504.034,2798437.767,2272.356
276504.636,2798438.925,2272.163
276503.904,2798437.609,2272.264
276504.181,2798438.34,2272.04
276504.649,2798439.046,2272.6
276503.888,2798437.785,2271.955
276505.475,2798434.761,2280.691
276505.652,2798435.097,2280.771
276504.156,2798437.964,2272.353
276503.617,2798436.944,2272.168
276503.971,2798437.612,2271.92
276504.932,2798439.416,2272.746
276506.119,2798441.557,2272.848
276503.296,2798436.381,2271.56
276503.188,2798436.182,2271.538
276504.333,2798438.252,2272.464
276502.733,2798435.369,2271.803
276505.677,2798440.803,2273.087
276505.77,2798440.975,2273.152
276503.862,2798437.408,2272.232
276505.807,2798441.128,2272.804
276502.689,2798435.2,2271.733
276502.695,2798435.316,2271.313
276505.17,2798439.931,2272.591
276505.855,2798441.129,2273.194
276505.517,2798440.451,2272.828
276506.426,2798442.282,2273.05
276504.984,2798439.59,2272.596
276504.415,2798438.458,2272.519
276503.744,2798437.176,2271.739
276503.677,2798437,2271.743
276502.986,2798435.793,2271.865
276505.537,2798440.64,2272.777
276503.246,2798436.343,2271.827
276504.41,2798438.557,2272.055
276504.785,2798439.146,2272.15
276504.204,2798438.25,2272.2
276503.059,2798436.054,2271.926
276504.078,2798438.124,2272.322
276505.968,2798441.552,2272.968
276505.267,2798440.357,2272.622
276506.004,2798441.72,2273.075
276509.522,2798448.028,2274.149
276516.301,2798443.477,2274.1
276509.738,2798448.532,2274.123
276516.67,2798444.14,2274.045
276510.046,2798448.945,2274.067
276508.58,2798446.368,2273.929
276519.624,2798449.623,2273.57
276509.494,2798448.173,2273.675
276517.38,2798445.457,2273.923
276512.037,2798452.697,2273.683
276517.552,2798445.826,2273.718
276517.241,2798445.214,2273.855
276518.99,2798448.599,2273.629
276518.565,2798430.235,2272.016
276520.639,2798434.09,2272.948
276519.067,2798431.179,2272.653
276515.141,2798441.156,2273.835
276521.911,2798436.486,2273.506
276516.589,2798443.843,2274.117
276512.919,2798437.048,2273.003
276517.33,2798427.906,2271.442
276506.706,2798442.8,2273.704
276510.783,2798433.011,2271.901
276511.673,2798434.813,2272.374
276523.05,2798438.735,2273.92
276509.977,2798431.65,2271.559
276523.935,2798440.373,2273.682
276507.036,2798443.452,2273.327
276514.173,2798439.364,2273.555
276513.57,2798438.265,2273.214
276519.831,2798432.772,2272.922
276522.306,2798437.375,2274.131
276516.523,2798443.931,2273.943
276516.88,2798444.499,2274.025
276514.594,2798428.511,2280.717
276511.9,2798435.21,2272.436
276510.207,2798432.109,2271.62
276519.5,2798432.038,2272.811
276523.243,2798438.989,2273.716
276518.298,2798429.78,2272.3
276521.675,2798436.001,2273.807
276508.039,2798445.252,2274.174
276520.328,2798433.445,2273.183
276524.196,2798440.701,2274.21
276521.781,2798436.173,2273.844
276509.83,2798431.191,2271.541
276520.244,2798433.404,2272.772
276517.359,2798427.968,2271.862
276514.859,2798440.692,2273.764
276512.868,2798436.935,2272.854
276510.616,2798432.659,2271.999
276506.71,2798442.658,2273.065
276510.534,2798432.543,2271.832
276511.088,2798450.923,2273.519
276514.74,2798440.46,2273.736
276511.353,2798451.325,2273.686
276521.517,2798435.758,2273.798
276513.997,2798439.087,2273.4
276511.059,2798433.488,2272.152
276524.374,2798441.007,2274.09
276511.349,2798434.032,2272.234
276519.471,2798431.911,2272.408
276511.974,2798435.209,2272.604
276515.172,2798441.144,2274.199
276526.748,2798445.528,2273.328
276518.101,2798429.394,2271.828
276506.907,2798443.031,2273.185
276524.867,2798442.042,2273.944
276517.736,2798446.078,2273.722
276513.057,2798437.313,2272.98
276507.695,2798444.618,2273.864
276516.126,2798442.978,2274.028
276515.643,2798442.22,2274.157
276508.165,2798445.571,2273.847
276507.386,2798444.131,2273.403
276513.457,2798438.097,2273.165
276523.967,2798440.361,2274.129
276523.698,2798439.9,2273.704
276509.294,2798447.603,2273.76
276520.132,2798433.213,2272.692
276514.231,2798439.546,2273.556
276511.763,2798452.204,2273.361
276524.086,2798440.598,2274.099
276517.915,2798429.091,2272.138
276507.098,2798443.448,2273.693
276510.192,2798449.165,2274.131
276526.705,2798445.471,2273.667
276510.839,2798450.35,2273.525
276510.934,2798450.525,2273.928
276508.481,2798446.1,2274.341
276524.417,2798441.189,2273.654
276513.832,2798438.842,2273.43
276509.624,2798448.247,2274.144
276514.14,2798439.405,2273.38
276521.213,2798435.197,2273.593
276509.911,2798448.736,2273.693
276510.943,2798450.664,2273.512
276522.349,2798437.319,2273.725
276506.827,2798443.011,2273.638
276513.763,2798438.644,2273.394
276521.125,2798435.157,2273.396
276518.867,2798448.202,2273.488
276509.101,2798447.242,2274.236
276513.335,2798437.74,2273.145
276511.544,2798451.666,2273.694
276507.7,2798444.517,2273.476
276521.336,2798435.341,2273.224
276506.702,2798442.781,2273.451
276516.987,2798427.366,2271.748
276512.615,2798453.756,2273.623
276510.281,2798449.494,2274.011
276512.078,2798452.844,2273.299
276512.64,2798453.763,2273.238
276517.099,2798427.523,2271.396
276523.378,2798439.232,2273.827
276515.855,2798442.641,2274.009
276525.091,2798442.504,2273.539
276512.343,2798435.925,2272.77
276520.538,2798433.921,2272.867
276511.544,2798434.544,2272.397
276517.096,2798444.763,2274.016
276526.126,2798444.444,2273.357
276526.074,2798444.242,2273.266
276524.854,2798442.117,2273.617
276513.987,2798439.165,2273.103
276507.377,2798444.24,2273.676
276517.144,2798445.04,2273.796
276523.396,2798439.512,2273.782
276519.419,2798449.354,2273.377
276525.643,2798443.72,2273.846
276515.871,2798442.6,2274.203
276525.061,2798442.483,2273.944
276518.136,2798446.823,2273.755
276508.971,2798447.114,2274.249
276518.308,2798447.256,2273.589
276512.468,2798453.584,2273.772
276518.657,2798447.906,2273.691
276525.882,2798444.2,2273.326
276516.178,2798443.304,2273.982
276526.201,2798444.671,2273.292
276512.468,2798453.683,2273.238
276521.885,2798436.842,2273.48
276517.854,2798446.357,2273.623
276508.087,2798445.431,2273.975
276518.588,2798447.73,2273.654
276522.997,2798438.75,2274.302
276518.165,2798447.007,2273.648
276526.229,2798444.784,2273.71
276511.586,2798451.846,2273.372
276508.325,2798445.895,2274.388
276508.671,2798446.638,2274.014
276509.379,2798448.024,2273.8
276511.515,2798451.836,2273.79
276519.151,2798448.669,2273.679
276515.632,2798442.294,2273.89
276525.505,2798443.446,2273.861
276519.438,2798432.11,2272.387
276511.927,2798452.676,2273.327
276510.958,2798450.993,2273.664
276510.548,2798450.237,2273.593
276522.721,2798438.42,2274.288
276509.752,2798448.722,2273.94
276523.828,2798440.423,2273.977
276507.922,2798445.39,2274.138
276508.707,2798446.855,2273.848
276514.67,2798428.689,2280.716
276514.774,2798428.835,2280.752
276514.914,2798429.142,2280.845
276517.395,2798428.114,2271.487
276517.132,2798427.707,2271.425
276512.774,2798436.853,2272.631
276517.807,2798428.91,2271.72
276518.481,2798430.208,2272.46
276518.808,2798430.795,2272.508
276508.742,2798446.534,2274.267
276522.816,2798438.184,2274.317
276508.52,2798446.03,2273.951
276508.842,2798446.726,2273.878
276522.983,2798438.486,2274.358
276508.886,2798446.761,2274.274
276519.781,2798432.523,2272.738
276519.402,2798431.761,2272.846
276521.734,2798436.175,2273.388
276517.021,2798427.365,2271.319
276508.052,2798445.179,2273.784
276520.384,2798433.672,2273.347
276522.072,2798436.753,2273.976
276510.077,2798449.039,2273.66
276523.686,2798439.81,2274.056
276523.618,2798439.604,2274.209
276523.473,2798439.429,2274.229
276509.914,2798431.388,2271.541
276510.442,2798449.619,2273.863
276517.466,2798428.192,2271.924
276507.749,2798444.679,2274.04
276512.455,2798436.213,2272.722
276521.017,2798434.781,2273.096
276519.551,2798432.166,2272.969
276523.775,2798439.933,2274.172
276522.051,2798436.728,2273.61
276518.15,2798446.785,2273.527
276518.783,2798430.648,2272.112
276510.64,2798450.078,2273.57
276525.418,2798443.021,2273.908
276519.986,2798432.929,2272.665
276507.592,2798444.311,2273.918
276511.018,2798450.746,2273.896
276520.491,2798433.876,2273.271
276521.111,2798435.032,2273.542
276507.812,2798444.772,2273.684
276516.811,2798444.253,2274.08
276514.743,2798440.325,2273.476
276526.082,2798444.282,2273.76
276511.455,2798451.566,2273.816
276521.557,2798435.8,2273.426
276507.193,2798443.597,2273.752
276513.658,2798438.321,2273.382
276524.517,2798441.36,2273.794
276519.547,2798449.387,2273.525
276525.17,2798442.589,2273.776
276522.23,2798437.06,2274.101
276506.581,2798442.526,2273.09
276510.012,2798431.489,2271.736
276522.559,2798437.639,2274.244
276517.634,2798428.547,2272
276515.373,2798441.708,2274.202
276519.921,2798432.741,2272.639
276509.875,2798448.661,2274.128
276511.411,2798434.196,2272.344
276517.436,2798428.26,2271.672
276525.948,2798443.997,2273.435
276517.964,2798446.455,2273.732
276522.436,2798437.572,2273.878
276514.096,2798439.126,2273.587
276517.238,2798427.75,2271.839
276507.622,2798444.357,2273.561
276524.77,2798441.832,2273.944
276512.269,2798453.004,2273.589
276512.337,2798453.1,2273.263
276514.735,2798440.501,2273.945
276508.436,2798445.851,2273.939
276507.941,2798445.106,2274.006
276514.515,2798440.039,2273.645
276508.36,2798445.787,2274.175
276522.763,2798438.096,2273.919
276509.411,2798447.725,2273.927
276510.387,2798449.669,2273.627
276523.217,2798438.918,2273.887
276525.304,2798442.787,2273.916
276510.612,2798432.778,2271.835
276508.964,2798446.932,2273.84
276522.848,2798438.245,2274.085
276525.245,2798442.862,2273.557
276521.882,2798436.489,2273.77
276518.859,2798430.814,2272.24
276519.6,2798449.543,2273.403
276520.757,2798434.293,2272.962
276511.293,2798451.308,2273.458
276516.195,2798443.105,2274.152
276524.952,2798442.281,2273.575
276517.211,2798445.001,2273.975
276509.162,2798447.427,2274.027
276511.203,2798451.062,2273.447
276517.507,2798445.6,2273.694
276510.28,2798449.48,2273.612
276519.603,2798432.202,2272.485
276507.214,2798443.81,2273.642
276526.978,2798446.036,2273.509
276506.814,2798442.827,2273.102
276519.084,2798431.358,2272.31
276509.404,2798447.727,2273.665
276513.86,2798438.962,2273.283
276511.694,2798434.7,2272.525
276506.783,2798442.849,2273.283
276512.299,2798435.999,2272.53
276520.221,2798433.319,2273.09
276511.769,2798452.16,2273.727
276518.275,2798429.85,2271.85
276511.071,2798450.995,2273.869
276519.714,2798432.283,2272.884
276509.646,2798448.164,2273.98
276517.074,2798427.648,2271.876
276517.056,2798444.782,2273.751
276516.001,2798442.908,2273.861
276507.957,2798444.963,2273.77
276511.042,2798450.753,2273.658
276512.462,2798436.136,2272.902
276513.342,2798437.96,2273.031
276516.28,2798443.299,2274.134
276507.666,2798444.702,2273.47
276521.187,2798435.391,2273.469
276515.936,2798442.813,2274.006
276509.425,2798447.953,2273.961
276516.396,2798443.719,2273.947
276518.661,2798430.549,2272.003
276519.704,2798449.863,2273.521
276507.759,2798444.966,2273.924
276522.688,2798438.269,2273.906
276519.773,2798432.719,2272.523
276516.71,2798444.402,2273.933
276510.392,2798449.861,2274.012
276511.567,2798452.046,2273.649
276522.199,2798437.264,2273.637
276510.735,2798433.177,2271.967
276525.719,2798443.801,2273.39
276520.147,2798433.388,2273.251
276507.87,2798445.171,2274.183
276519.937,2798433.076,2273.081
276521.988,2798436.933,2273.722
276522.69,2798438.043,2274.348
276510.233,2798449.42,2273.83
276524.595,2798441.762,2274.007
276509.742,2798448.661,2273.709
276510.348,2798449.856,2273.669
276519.414,2798431.94,2273.012
276512.144,2798453.074,2273.258
276507.43,2798444.413,2274.013
276507.523,2798444.559,2273.703
276516.609,2798443.959,2273.701
276526.587,2798445.435,2273.255
276507.432,2798444.315,2273.47
276518.497,2798430.386,2272.523
276525.242,2798443.075,2273.35
276523.524,2798439.787,2273.639
276513.427,2798438.158,2273.378
276510.74,2798450.457,2273.697
276518.408,2798447.599,2273.59
276526.578,2798445.533,2273.547
276523.094,2798439.063,2274.169
276511.324,2798451.696,2273.792
276511.424,2798451.831,2273.526
276511.927,2798452.76,2273.161
276518.283,2798447.335,2273.753
276523.572,2798439.964,2274.021
276519.183,2798449.086,2273.44
276523.472,2798439.792,2273.868
276509.572,2798448.5,2273.571
276507.882,2798445.26,2273.691
276522.841,2798438.518,2274.038
276522.55,2798438.072,2273.844
276525.071,2798442.744,2273.42
276523.916,2798440.53,2274.204
276507.485,2798444.587,2273.48
276512.125,2798453.111,2273.754
276522.634,2798437.88,2273.906
276523.652,2798439.684,2273.828
276507.39,2798443.904,2273.486
276505.388,2798434.598,2280.702
276514.616,2798440.217,2273.727
276519.068,2798431.171,2272.226
276520.868,2798434.484,2273.055
276525.496,2798443.224,2273.736
276515.987,2798442.77,2274.176
276519.216,2798431.496,2272.268
276510.307,2798432.207,2271.777
276523.326,2798439.199,2274.233
276517.483,2798445.667,2273.888
276518.589,2798430.39,2272.349
276526.536,2798445.223,2273.686
276525.775,2798443.977,2273.367
276508.254,2798445.838,2273.958
276514.987,2798429.322,2280.863
276505.641,2798435.245,2280.668
276511.024,2798433.596,2271.952
276511.21,2798433.917,2272.154
276520.124,2798433.121,2273.113
276505.642,2798440.77,2272.639
276523.832,2798440.097,2273.625
276505.898,2798441.251,2273.017
276514.424,2798439.848,2273.475
276524.802,2798441.852,2273.623
276521.375,2798435.389,2273.662
276506.33,2798442.068,2273.392
276524.219,2798440.816,2274.057
276525.968,2798444.058,2273.831
276515.529,2798441.748,2274.098
276526.479,2798445.066,2273.342
276513.405,2798437.88,2273.261
276516.567,2798443.76,2273.9
276512.541,2798436.391,2272.712
276526.029,2798444.2,2273.549
276505.119,2798439.735,2272.734
276503.949,2798437.631,2271.718
276505.962,2798441.531,2272.688
276510.235,2798432.325,2271.952
276521.238,2798435.433,2273.078
276503.62,2798437.269,2271.838
276524.483,2798441.576,2274.02
276523.426,2798439.605,2274.163
276525.358,2798443.274,2273.844
276525.621,2798443.832,2273.641
276525.13,2798442.867,2273.917
276519.371,2798449.147,2273.445
276510.784,2798450.293,2273.949
276511.232,2798451.114,2273.86
276519.323,2798448.967,2273.621
276511.378,2798451.476,2273.388
276519.516,2798449.712,2273.454
276523.051,2798438.535,2273.922
276518.432,2798429.967,2271.941
276518.922,2798448.387,2273.546
276509.247,2798447.371,2273.664
276518.984,2798431.012,2272.627
276511.378,2798434.202,2272.147
276506.502,2798442.651,2273.512
276508.526,2798446.173,2273.727
276505.793,2798440.995,2272.673
276503.19,2798436.222,2271.973
276505.252,2798439.948,2272.419
276504.357,2798438.413,2272.149
276504.768,2798439.166,2272.338
276503.966,2798437.788,2272.134
276510.591,2798449.958,2273.99
276525.56,2798443.376,2273.469
276517.711,2798428.65,2271.626
276511.813,2798434.987,2272.511
276512.132,2798435.616,2272.55
276522.592,2798437.7,2273.87
276526.811,2798445.727,2273.244
276513.672,2798438.491,2273.32
276525.647,2798443.54,2273.365
276506.594,2798442.492,2273.477
276509.09,2798447.386,2273.841
276520.188,2798433.508,2273.045
276512.316,2798453.46,2273.295
276510.26,2798449.687,2274.008
276517.534,2798428.395,2271.976
276510.852,2798433.189,2272.119
276510.198,2798431.896,2271.701
276524.222,2798440.84,2273.7
276510.425,2798432.275,2271.904
276526.591,2798445.243,2273.288
276522.909,2798438.379,2273.917
276509.417,2798447.86,2274.157
276508.518,2798446.145,2274.145
276509.788,2798448.491,2273.669
276511.796,2798452.29,2273.857
276512.245,2798453.284,2273.259
276510.425,2798450.003,2273.897
276509.269,2798447.865,2273.833
276522.859,2798438.679,2273.739
276521.044,2798434.79,2273.514
276512.649,2798436.403,2272.888
276521.894,2798436.519,2273.947
276510.038,2798431.682,2271.738
276507.437,2798444.044,2273.744
276515.028,2798440.97,2273.81
276519.257,2798448.855,2273.39
276512.402,2798453.468,2273.642
276524.987,2798442.63,2273.792
276502.911,2798435.797,2271.608
276510.527,2798449.883,2273.573
276526.362,2798444.809,2273.323
276510.206,2798449.273,2273.626
276525.83,2798443.867,2273.71
276524.306,2798441.183,2274.048
276506.719,2798443.149,2273.313
276507.599,2798444.491,2273.967
276505.99,2798435.641,2280.901
276506.321,2798436.354,2281.128
276506.059,2798435.906,2280.939
276505.891,2798435.485,2280.901
276515.518,2798430.268,2281.058
276508.61,2798440.543,2281.948
276513.914,2798450.502,2282.172
276525.87,2798449.783,2281.895
276520.071,2798438.761,2282.83
276520.53,2798439.624,2283.015
276519.703,2798438.158,2282.691
276516.913,2798432.87,2281.625
276523.262,2798444.707,2282.41
276521.413,2798441.44,2282.709
276510.467,2798443.961,2282.629
276509.286,2798441.784,2282.188
276507.017,2798437.536,2281.322
276506.807,2798437.209,2281.242
276507.34,2798438.156,2281.56
276521.048,2798440.665,2282.852
276509.876,2798442.841,2282.442
276519.291,2798437.278,2282.505
276521.372,2798441.244,2282.769
276522.154,2798442.644,2282.654
276517.757,2798434.451,2281.836
276516.009,2798431.203,2281.291
276517.312,2798433.667,2281.789
276509.942,2798443.042,2282.487
276511.642,2798445.298,2282.667
276515.585,2798430.436,2281.137
276513.562,2798449.865,2282.235
276524.161,2798446.37,2282.224
276520.656,2798439.91,2282.873
276509.14,2798441.548,2282.135
276508.88,2798441.061,2281.911
276514.1,2798450.943,2282.126
276510.024,2798443.299,2282.499
276521.581,2798441.581,2282.714
276525.289,2798448.492,2282.015
276510.837,2798444.825,2282.804
276514.972,2798452.473,2281.993
276517.005,2798433.055,2281.649
276522.847,2798443.909,2282.492
276512.24,2798447.386,2282.494
276511.72,2798446.274,2282.629
276512.041,2798447.037,2282.565
276516.115,2798431.371,2281.285
276524.277,2798446.605,2282.19
276523.494,2798445.196,2282.361
276524.81,2798447.603,2282.055
276509.614,2798442.393,2282.322
276517.182,2798433.371,2281.741
276525.692,2798449.24,2281.932
276521.858,2798442.113,2282.715
276515.801,2798454.09,2281.811
276516.738,2798432.61,2281.563
276521.626,2798441.774,2282.737
276520.768,2798440.371,2282.836
276512.789,2798448.597,2282.373
276522.63,2798443.774,2282.551
276508.145,2798439.88,2281.836
276512.715,2798448.39,2282.399
276519.864,2798438.655,2282.764
276507.272,2798438.169,2281.3
276514.681,2798451.996,2282
276511.893,2798446.81,2282.558
276512.473,2798448.008,2282.442
276516.47,2798432.028,2281.419
276517.481,2798434.011,2281.934
276516.693,2798432.436,2281.54
276508.505,2798440.378,2281.93
276519.073,2798436.836,2282.418
276509.429,2798442.083,2282.27
276519.388,2798437.511,2282.577
276520.245,2798439.153,2282.998
276508.321,2798439.999,2281.812
276509.041,2798441.339,2282.116
276507.792,2798439.071,2281.655
276517.764,2798434.487,2282.025
276518.9,2798436.613,2282.449
276510.326,2798443.768,2282.561
276508.385,2798440.195,2281.866
276507.456,2798438.431,2281.539
276518.046,2798434.978,2282.064
276520.364,2798439.625,2283.164
276523.858,2798445.794,2282.319
276519.633,2798437.927,2282.664
276514.033,2798450.711,2282.207
276514.825,2798452.21,2281.996
276523.046,2798444.294,2282.483
276523.696,2798445.472,2282.385
276524.913,2798447.77,2282.064
276514.436,2798451.552,2282.037
276509.14,2798441.657,2281.949
276510.143,2798443.454,2282.471
276511.269,2798445.295,2282.813
276525.932,2798449.585,2281.858
276506.851,2798437.394,2281.316
276515.277,2798453.048,2281.967
276513.77,2798450.299,2282.211
276510.994,2798444.944,2282.849
276520.973,2798440.493,2282.835
276508.949,2798441.151,2282.061
276509.509,2798442.248,2282.38
276513.286,2798449.309,2282.315
276522.616,2798443.544,2282.581
276510.974,2798445.023,2282.667
276522.967,2798444.041,2282.326
276512.335,2798447.573,2282.451
276517.435,2798433.839,2281.834
276517.565,2798434.078,2281.718
276511.526,2798445.347,2282.868
276518.838,2798436.498,2282.301
276515.39,2798453.245,2281.882
276510.846,2798444.689,2282.979
276526.062,2798449.872,2281.859
276525.19,2798448.257,2282.052
276523.736,2798445.658,2282.263
276524.015,2798446.145,2282.234
276516.131,2798431.584,2281.306
276511.462,2798445.959,2282.643
276512.07,2798447.209,2282.51
276515.1,2798452.951,2281.937
276510.727,2798444.636,2282.717
276511.598,2798446.399,2282.555
276522.126,2798442.835,2282.603
276515.962,2798454.575,2281.628
276523.244,2798444.89,2282.245
276522.853,2798444.159,2282.461
276525.244,2798448.576,2281.86
276514.709,2798452.237,2282.174
276525.709,2798449.55,2281.987
276520.46,2798439.753,2282.839
276511.084,2798445.159,2282.759
276521.168,2798440.813,2282.798
276518.424,2798435.753,2282.173
276518.164,2798435.171,2282.083
276517.897,2798434.747,2282.035
276506.686,2798437.047,2281.186
276520.319,2798439.565,2282.789
276516.039,2798454.701,2281.779
276514.292,2798451.249,2282.116
276516.5,2798455.305,2281.699
276511.345,2798445.646,2282.732
276516.305,2798431.84,2281.469
276523.093,2798444.467,2282.417
276511.835,2798446.528,2282.58
276506.242,2798436.104,2280.994
276515.322,2798429.966,2281.001
276515.842,2798430.828,2281.174
276521.277,2798441.01,2282.866
276507.525,2798438.613,2281.532
276524.622,2798447.325,2282.077
276510.258,2798443.829,2282.741
276512.673,2798448.118,2282.406
276521.985,2798442.35,2282.61
276509.756,2798442.649,2282.432
276513.003,2798448.802,2282.364
276521.759,2798441.95,2282.697
276515.093,2798452.803,2281.804
276525.806,2798449.387,2281.853
276515.852,2798454.326,2281.793
276521.993,2798442.587,2282.478
276507.207,2798437.927,2281.35
276520.163,2798439.136,2283.158
276516.366,2798455.113,2281.728
276507.703,2798438.863,2281.576
276506.242,2798436.104,2280.994
276506.44,2798436.531,2281.058
276506.059,2798435.906,2280.939
276515.23,2798429.681,2280.96
276515.322,2798429.966,2281.001
276515.518,2798430.268,2281.058
276508.61,2798440.543,2281.948
276513.914,2798450.502,2282.172
276513.428,2798449.584,2282.307
276520.53,2798439.624,2283.015
276519.703,2798438.158,2282.691
276516.913,2798432.87,2281.625
276518.614,2798436.116,2282.286
276523.262,2798444.707,2282.41
276520.77,2798440.111,2282.868
276521.413,2798441.44,2282.709
276510.467,2798443.961,2282.629
276507.017,2798437.536,2281.322
276506.807,2798437.209,2281.242
276521.048,2798440.665,2282.852
276509.876,2798442.841,2282.442
276519.291,2798437.278,2282.505
276521.372,2798441.244,2282.769
276516.009,2798431.203,2281.291
276517.312,2798433.667,2281.789
276521.277,2798441.01,2282.866
276509.942,2798443.042,2282.487
276515.585,2798430.436,2281.137
276513.562,2798449.865,2282.235
276524.161,2798446.37,2282.224
276513.095,2798449.001,2282.358
276508.88,2798441.061,2281.911
276514.1,2798450.943,2282.126
276510.024,2798443.299,2282.499
276515.684,2798430.608,2281.164
276521.581,2798441.581,2282.714
276508.714,2798440.831,2282.046
276514.972,2798452.473,2281.993
276517.005,2798433.055,2281.649
276507.525,2798438.613,2281.532
276512.24,2798447.386,2282.494
276511.72,2798446.274,2282.629
276512.041,2798447.037,2282.565
276524.277,2798446.605,2282.19
276509.614,2798442.393,2282.322
276517.182,2798433.371,2281.741
276522.5,2798443.329,2282.534
276521.858,2798442.113,2282.715
276524.522,2798447.017,2282.135
276516.738,2798432.61,2281.563
276523.093,2798444.467,2282.417
276524.622,2798447.325,2282.077
276520.768,2798440.371,2282.836
276522.63,2798443.774,2282.551
276508.145,2798439.88,2281.836
276511.142,2798445.349,2282.66
276512.715,2798448.39,2282.399
276519.864,2798438.655,2282.764
276513.703,2798450.095,2282.275
276514.681,2798451.996,2282
276511.893,2798446.81,2282.558
276506.61,2798436.827,2281.161
276516.47,2798432.028,2281.419
276517.481,2798434.011,2281.934
276516.693,2798432.436,2281.54
276509.429,2798442.083,2282.27
276510.64,2798444.301,2282.836
276520.245,2798439.153,2282.998
276508.321,2798439.999,2281.812
276512.673,2798448.118,2282.406
276517.613,2798434.178,2281.945
276507.792,2798439.071,2281.655
276518.9,2798436.613,2282.449
276519.731,2798439.122,2282.922
276510.326,2798443.768,2282.561
276508.385,2798440.195,2281.866
276509.756,2798442.649,2282.432
276518.046,2798434.978,2282.064
276519.831,2798438.336,2282.774
276518.758,2798436.33,2282.336
276507.918,2798439.245,2281.753
276511.835,2798446.528,2282.58
276514.033,2798450.711,2282.207
276523.046,2798444.294,2282.483
276523.696,2798445.472,2282.385
276514.436,2798451.552,2282.037
276509.14,2798441.657,2281.949
276510.143,2798443.454,2282.471
276521.759,2798441.95,2282.697
276523.955,2798445.979,2282.299
276513.77,2798450.299,2282.211
276510.994,2798444.944,2282.849
276515.9,2798431.057,2281.27
276508.949,2798441.151,2282.061
276509.509,2798442.248,2282.38
276516.305,2798431.84,2281.469
276522.616,2798443.544,2282.581
276510.974,2798445.023,2282.667
276512.335,2798447.573,2282.451
276517.565,2798434.078,2281.718
276511.526,2798445.347,2282.868
276518.838,2798436.498,2282.301
276523.736,2798445.658,2282.263
276524.015,2798446.145,2282.234
276516.131,2798431.584,2281.306
276510.727,2798444.636,2282.717
276522.126,2798442.835,2282.603
276513.557,2798450.038,2282.176
276516.491,2798432.236,2281.403
276523.578,2798445.545,2282.246
276523.244,2798444.89,2282.245
276522.853,2798444.159,2282.461
276520.108,2798439.579,2283.08
276524.38,2798446.812,2282.171
276520.192,2798438.992,2282.933
276520.163,2798439.136,2283.158
276521.168,2798440.813,2282.798
276523.353,2798444.926,2282.393
276507.921,2798439.516,2281.66
276518.164,2798435.171,2282.083
276515.114,2798429.543,2280.972
276507.329,2798438.3,2281.411
276514.292,2798451.249,2282.116
276514.607,2798451.774,2282.058
276507.703,2798438.863,2281.576
276511.345,2798445.646,2282.732
276507.34,2798438.156,2281.56
276516.293,2798431.673,2281.389
276519.483,2798437.728,2282.671
276511.642,2798445.298,2282.667
276518.516,2798435.932,2282.169
276518.244,2798435.46,2282.113
276521.626,2798441.774,2282.737
276510.258,2798443.829,2282.741
276512.473,2798448.008,2282.442
276509.041,2798441.339,2282.116
276523.858,2798445.794,2282.319
276513.003,2798448.802,2282.364
276513.286,2798449.309,2282.315
276517.435,2798433.839,2281.834
276510.846,2798444.689,2282.979
276511.462,2798445.959,2282.643
276507.207,2798437.927,2281.35
276518.424,2798435.753,2282.173
276517.897,2798434.747,2282.035
276509.286,2798441.784,2282.188
276511.598,2798446.399,2282.555
276506.686,2798437.047,2281.186
276504.849,2798439.255,2272.657
276504.649,2798439.046,2272.6
276505.174,2798439.929,2272.861
276505.807,2798441.128,2272.804
276503.677,2798437,2271.743
276505.968,2798441.552,2272.968
276511.338,2798451.437,2273.869
276528.141,2798448.48,2272.924
276513.997,2798439.087,2273.4
276507.299,2798443.768,2273.403
276509.542,2798447.918,2273.688
276510.839,2798450.35,2273.525
276509.101,2798447.242,2274.236
276511.122,2798433.76,2272.051
276525.647,2798443.54,2273.365
276506.594,2798442.492,2273.477
276520.72,2798451.648,2273.373
276527.022,2798446.397,2273.281
276515.871,2798442.6,2274.203
276518.308,2798447.256,2273.589
276513.627,2798455.695,2273.426
276510.765,2798450.533,2273.513
276512.316,2798453.46,2273.295
276510.548,2798450.237,2273.593
276518.594,2798430.424,2272.122
276508.052,2798445.179,2273.784
276510.206,2798449.273,2273.626
276524.517,2798441.36,2273.794
276522.23,2798437.06,2274.101
276519.233,2798431.412,2272.67
276508.436,2798445.851,2273.939
276508.36,2798445.787,2274.175
276525.304,2798442.787,2273.916
276517.211,2798445.001,2273.975
276518.275,2798429.85,2271.85
276519.714,2798432.283,2272.884
276511.042,2798450.753,2273.658
276515.936,2798442.813,2274.006
276518.661,2798430.549,2272.003
276512.782,2798454.22,2273.199
276519.773,2798432.719,2272.523
276520.945,2798452.214,2273.177
276516.609,2798443.959,2273.701
276511.106,2798451.201,2273.536
276513.759,2798456.042,2273.256
276523.094,2798439.063,2274.169
276521.71,2798436.451,2273.949
276523.472,2798439.792,2273.868
276519.068,2798431.171,2272.226
276505.898,2798441.251,2273.017
276513.938,2798456.332,2272.964
276527.884,2798447.955,2273.447
276512.868,2798436.935,2272.854
276513.137,2798454.792,2273.562
276525.505,2798443.446,2273.861
276512.774,2798436.853,2272.631
276521.111,2798435.032,2273.542
276515.056,2798440.974,2274.036
276526.578,2798445.533,2273.547
276503.949,2798437.631,2271.718
276510.641,2798450.145,2273.885
276504.598,2798438.807,2272.557
276505.877,2798441.329,2273.254
276503.622,2798437.12,2271.979
276502.822,2798435.444,2271.425
276505.975,2798441.487,2273.268
276514.349,2798439.672,2273.643
276509.307,2798447.696,2274.18
276518.293,2798447.104,2273.788
276512.031,2798435.411,2272.596
276518.192,2798429.639,2271.847
276512.212,2798435.728,2272.669
276507.299,2798443.768,2273.403
276509.542,2798447.918,2273.688
276518.4,2798429.976,2272.346
276520.834,2798434.547,2273.446
276516.483,2798443.656,2274.093
276507.357,2798443.879,2273.838
276511.122,2798433.76,2272.051
276520.966,2798434.969,2273.065
276517.998,2798446.664,2273.822
276518.833,2798448.221,2273.684
276518.594,2798430.424,2272.122
276512.824,2798436.856,2273.037
276510.959,2798433.368,2271.969
276509.285,2798447.495,2274.194
276522.65,2798437.856,2274.153
276511.909,2798452.411,2273.757
276515.056,2798440.974,2274.036
276515.362,2798441.448,2274.135
276508.719,2798446.461,2273.857
276517.517,2798428.305,2271.504
276512.192,2798452.926,2273.76
276512.663,2798436.621,2272.754
276521.076,2798435.154,2272.977
276519.986,2798433.103,2272.591
276519.083,2798448.685,2273.483
276510.105,2798449.332,2273.955
276522.383,2798437.682,2273.57
276511.106,2798451.201,2273.536
276519.213,2798431.726,2272.329
276522.692,2798438.355,2274.082
276526.635,2798445.701,2273.614
276519.766,2798432.531,2272.946
276502.872,2798435.614,2271.831
276508.276,2798445.563,2274.265
276519.744,2798432.497,2272.545
276523.198,2798439.138,2273.836
276510.641,2798450.145,2273.885
276502.602,2798435.074,2271.441
276511.338,2798451.437,2273.869
276525.831,2798443.791,2273.91
276519.363,2798431.687,2272.439
276507.427,2798444.167,2273.923
276506.811,2798443.006,2273.425
276517.039,2798444.943,2273.969
276517.62,2798428.445,2271.553
276517.665,2798445.878,2273.851
276525.372,2798443.007,2273.52
276511.581,2798445.177,2282.519
276511.62,2798446.098,2282.638
276519.483,2798437.728,2282.671
276508.714,2798440.831,2282.046
276515.517,2798453.444,2281.851
276518.244,2798435.46,2282.113
276525.439,2798448.728,2281.978
276524.522,2798447.017,2282.135
276525.545,2798449.022,2281.919
276511.309,2798445.858,2282.657
276513.703,2798450.095,2282.275
276517.613,2798434.178,2281.945
276519.831,2798438.336,2282.774
276518.758,2798436.33,2282.336
276515.9,2798431.057,2281.27
276516.242,2798454.899,2281.742
276521.955,2798442.572,2282.659
276516.491,2798432.236,2281.403
276520.288,2798439.491,2283.05
276510.201,2798443.571,2282.605
276520.192,2798438.992,2282.933
276507.921,2798439.516,2281.66
276525.071,2798448.029,2282.1
276506.44,2798436.531,2281.058
276518.614,2798436.116,2282.286
276522.5,2798443.329,2282.534
276505.99,2798435.641,2280.901
276505.891,2798435.485,2280.901
276511.581,2798445.177,2282.519
276511.62,2798446.098,2282.638
276508.098,2798439.59,2281.728
276511.462,2798445.175,2282.971
276516.115,2798431.371,2281.285
276512.445,2798447.705,2282.376
276512.789,2798448.597,2282.373
276511.309,2798445.858,2282.657
276508.505,2798440.378,2281.93
276521.985,2798442.35,2282.61
276507.456,2798438.431,2281.539
276514.825,2798452.21,2281.996
276514.196,2798451.057,2282.231
276511.269,2798445.295,2282.813
276512.07,2798447.209,2282.51
276510.201,2798443.571,2282.605
276511.084,2798445.159,2282.759
276520.319,2798439.565,2282.789
276522.967,2798444.041,2282.326
276514.709,2798452.237,2282.174
276506.851,2798437.394,2281.316
276505.584,2798434.911,2280.781
276513.672,2798438.491,2273.32
276511.462,2798445.175,2282.971
276514.196,2798451.057,2282.231
276516.768,2798432.661,2281.387
276517.483,2798445.667,2273.888
276506.61,2798436.827,2281.161
276520.689,2798434.168,2273.371
276526.819,2798445.733,2273.647
276518.447,2798447.473,2273.713
276517.824,2798446.326,2273.83
276524.609,2798441.818,2273.82
276521.993,2798442.587,2282.478
276505.815,2798435.365,2280.745
276505.468,2798440.476,2272.59
276517.806,2798446.117,2273.895
276511.176,2798451.325,2273.916
276506.249,2798441.887,2273.333
276524.162,2798440.708,2273.921
276523.21,2798438.893,2274.286
276520.639,2798434.09,2272.948
276521.187,2798435.391,2273.469
276527.318,2798446.654,2273.132
276521.197,2798435.179,2273.163
276521.238,2798452.501,2273.313
276524.72,2798442.041,2273.522
276522.154,2798442.644,2282.654
276503.442,2798436.7,2271.662
276508.567,2798446.397,2274.275
276513.084,2798454.546,2273.514
276521.557,2798435.8,2273.426
276513.073,2798454.537,2273.116
276511.024,2798433.596,2271.952
276520.132,2798433.213,2272.692
276518.134,2798429.42,2272.204
276517.828,2798428.83,2272.074
276509.676,2798448.319,2273.714
276509.062,2798447.095,2273.847
276518.758,2798430.515,2272.439
276511.27,2798433.96,2272.39
276516.293,2798431.673,2281.389
276516.01,2798454.474,2281.793
276514.607,2798451.774,2282.058
276515.842,2798430.828,2281.174
276517.764,2798434.487,2282.025
276528.383,2798448.732,2272.935
276519.291,2798431.584,2272.742
276519.633,2798437.927,2282.664
276506.185,2798441.806,2272.919
276503.533,2798436.867,2271.809
276504.034,2798437.767,2272.356
276503.971,2798437.612,2271.92
276504.357,2798438.413,2272.149
276505.537,2798440.64,2272.777
276506.004,2798441.72,2273.075
276508.58,2798446.368,2273.929
276506.706,2798442.8,2273.704
276514.173,2798439.364,2273.555
276523.243,2798438.989,2273.716
276520.244,2798433.404,2272.772
276511.353,2798451.325,2273.686
276515.172,2798441.144,2274.199
276517.736,2798446.078,2273.722
276510.943,2798450.664,2273.512
276518.942,2798430.978,2272.22
276513.335,2798437.74,2273.145
276512.343,2798435.925,2272.77
276526.074,2798444.242,2273.266
276509.09,2798447.386,2273.841
276518.657,2798447.906,2273.691
276518.165,2798447.007,2273.648
276520.581,2798451.592,2273.229
276508.671,2798446.638,2274.014
276509.379,2798448.024,2273.8
276523.828,2798440.423,2273.977
276510.852,2798433.189,2272.119
276508.52,2798446.03,2273.951
276522.072,2798436.753,2273.976
276525.001,2798442.257,2273.962
276518.15,2798446.785,2273.527
276507.812,2798444.772,2273.684
276506.581,2798442.526,2273.09
276525.948,2798443.997,2273.435
276521.471,2798435.586,2273.289
276514.735,2798440.501,2273.945
276508.518,2798446.145,2274.145
276527.251,2798446.538,2273.328
276510.43,2798432.414,2271.673
276506.814,2798442.827,2273.102
276509.646,2798448.164,2273.98
276524.282,2798441.025,2273.669
276509.425,2798447.953,2273.961
276507.759,2798444.966,2273.924
276525.719,2798443.801,2273.39
276521.988,2798436.933,2273.722
276512.881,2798454.406,2273.169
276513.427,2798438.158,2273.378
276518.283,2798447.335,2273.753
276512.786,2798454.377,2273.398
276522.841,2798438.518,2274.038
276517.665,2798445.878,2273.851
276521.894,2798436.519,2273.947
276524.802,2798441.852,2273.623
276507.599,2798444.491,2273.967
276521.238,2798435.433,2273.078
276525.13,2798442.867,2273.917
276522.848,2798438.245,2274.085
276519.402,2798431.761,2272.846
276518.859,2798430.814,2272.24
276522.692,2798438.355,2274.082
276508.254,2798445.838,2273.958
276519.323,2798448.967,2273.621
276503.533,2798436.867,2271.809
276505.303,2798440.205,2273.072
276526.182,2798444.471,2273.77
276508.567,2798446.397,2274.275
276518.036,2798429.313,2272.093
276511.448,2798434.386,2272.258
276521.458,2798435.55,2273.697
276512.371,2798453.278,2273.726
276524.694,2798441.595,2274.02
276515.784,2798442.373,2274.088
276524.566,2798441.532,2273.64
276519.954,2798432.835,2273.073
276518.942,2798430.978,2272.22
276511.475,2798451.62,2273.463
276512.75,2798436.743,2272.878
276508.89,2798446.945,2274.281
276516.883,2798444.645,2273.912
276517.887,2798429.159,2271.691
276526.398,2798445.088,2273.664
276510.765,2798450.533,2273.513
276509.872,2798448.972,2274.02
276517.094,2798427.52,2271.74
276520.798,2798434.347,2273.395
276518.253,2798429.596,2272.257
276524.498,2798441.322,2274.038
276510.759,2798432.887,2272.074
276506.992,2798443.249,2273.219
276510.01,2798448.871,2273.614
276506.994,2798443.258,2273.695
276519.233,2798431.412,2272.67
276519.019,2798448.327,2273.724
276524.102,2798440.608,2273.726
276511.979,2798452.501,2273.309
276507.808,2798444.876,2274.094
276520.621,2798434.017,2273.302
276518.788,2798448.046,2273.568
276524.282,2798441.025,2273.669
276525.393,2798443.201,2273.43
276516.734,2798444.286,2273.794
276526.811,2798445.941,2273.608
276520.676,2798434.466,2272.902
276509.621,2798448.399,2274.026
276521.71,2798436.451,2273.949
276511.841,2798452.576,2273.55
276504.247,2798438.128,2272.022
276511.202,2798433.787,2272.318
276522.499,2798438.032,2274.287
276508.852,2798447.118,2273.928
276510.921,2798450.958,2273.434
276522.182,2798436.962,2273.643
276505.174,2798439.929,2272.861
276520.329,2798433.711,2272.751
276521.471,2798435.586,2273.289
276524.538,2798441.715,2273.652
276518.785,2798430.84,2272.064
276512.034,2798435.444,2272.418
276513.428,2798449.584,2282.307
276522.309,2798443.137,2282.593
276508.098,2798439.59,2281.728
276513.095,2798449.001,2282.358
276526.144,2798450.027,2281.781
276512.445,2798447.705,2282.376
276507.836,2798439.242,2281.583
276510.64,2798444.301,2282.836
276519.731,2798439.122,2282.922
276507.918,2798439.245,2281.753
276516.252,2798431.693,2281.211
276523.955,2798445.979,2282.299
276515.074,2798452.69,2281.979
276515.574,2798453.637,2281.858
276513.557,2798450.038,2282.176
276520.108,2798439.579,2283.08
276524.38,2798446.812,2282.171
276519.155,2798437.023,2282.465
276515.684,2798430.608,2281.164
276520.77,2798440.111,2282.868
276511.142,2798445.349,2282.66
276523.353,2798444.926,2282.393
276506.321,2798436.354,2281.128
276520.071,2798438.761,2282.83
276517.757,2798434.451,2281.836
276520.656,2798439.91,2282.873
276510.837,2798444.825,2282.804
276523.494,2798445.196,2282.361
276507.836,2798439.242,2281.583
276507.272,2798438.169,2281.3
276519.073,2798436.836,2282.418
276520.364,2798439.625,2283.164
276516.252,2798431.693,2281.211
276520.973,2798440.493,2282.835
276516.768,2798432.661,2281.387
276521.955,2798442.572,2282.659
276520.46,2798439.753,2282.839
276519.155,2798437.023,2282.465
276519.388,2798437.511,2282.577
276520.288,2798439.491,2283.05
276504.598,2798438.807,2272.557
276509.494,2798448.173,2273.675
276506.71,2798442.658,2273.065
276523.396,2798439.512,2273.782
276510.959,2798433.368,2271.969
276527.061,2798446.197,2273.605
276512.663,2798436.621,2272.754
276527.165,2798446.491,2273.169
276519.257,2798448.855,2273.39
276528.296,2798448.571,2272.995
276513.197,2798437.524,2273.123
276512.213,2798453.25,2273.622
276513.88,2798438.922,2273.051
276510.43,2798432.414,2271.673
276511.578,2798452.074,2273.36
276506.077,2798441.683,2273.268
276521.765,2798436.226,2273.575
276523.847,2798440.108,2274.126
276518.516,2798435.932,2282.169
276515.702,2798453.879,2281.879
276507.329,2798438.3,2281.411
276523.578,2798445.545,2282.246
276522.847,2798443.909,2282.492
276522.309,2798443.137,2282.593
276520.689,2798434.168,2273.371
276511.455,2798451.566,2273.816
276520.124,2798433.121,2273.113
276525.001,2798442.257,2273.962
276509.14,2798441.548,2282.135
276508.617,2798446.162,2275.194
276508.315,2798445.738,2276.542
276515.681,2798442.243,2274.605
276508.351,2798445.732,2276.913
276508.503,2798446.021,2275.503
276508.405,2798445.977,2274.694
276522.668,2798438.193,2276.8
276515.709,2798442.304,2275.075
276508.361,2798445.916,2276.996
276522.829,2798438.447,2275.432
276508.464,2798446.314,2275.394
276522.772,2798438.389,2275.238
276515.429,2798441.722,2274.691
276508.313,2798445.603,2275.635
276522.866,2798438.316,2275.64
276522.768,2798438.172,2275.999
276508.465,2798445.9,2276.613
276522.741,2798438.152,2274.488
276508.512,2798446.068,2276.189
276522.824,2798438.311,2275.887
276522.76,2798438.137,2275.272
276508.389,2798445.726,2276.217
276515.581,2798441.778,2276.666
276522.866,2798438.49,2276.492
276508.393,2798445.66,2276.689
276508.404,2798446.03,2274.517
276522.627,2798437.96,2276.839
276515.727,2798442.19,2274.344
276522.689,2798438.022,2276.467
276522.978,2798438.506,2275.093
276508.418,2798446.024,2275.085
276508.304,2798445.76,2275.123
276515.658,2798442.256,2275.794
276508.497,2798446.258,2274.732
276508.265,2798445.84,2275.53
276515.47,2798442.204,2274.485
276508.432,2798446.29,2275.217
276515.652,2798442.317,2274.78
276508.231,2798445.889,2276.043
276515.586,2798441.828,2276.853
276522.667,2798438.091,2275.108
276522.724,2798438.131,2275.824
276508.549,2798446.215,2276.89
276522.834,2798438.494,2274.561
276508.253,2798446.028,2276.506
276522.723,2798438.312,2276.103
276522.833,2798438.44,2276.94
276515.591,2798442.311,2276.317
276508.451,2798445.827,2275.265
276508.48,2798446.116,2275.79
276508.44,2798446.176,2276.414
276522.744,2798438.164,2276.578
276508.437,2798445.842,2275.009
276522.565,2798438.115,2276.617
276522.683,2798438.132,2274.664
276515.572,2798442.34,2275.462
276508.325,2798446.216,2276.933
276508.458,2798446.113,2276.018
276508.598,2798446.149,2274.584
276508.556,2798446.269,2276.006
276508.321,2798446.277,2274.952
276522.765,2798438.4,2274.873
276522.808,2798438.46,2276.041
276508.617,2798446.162,2275.194
276508.315,2798445.738,2276.542
276515.681,2798442.243,2274.605
276508.351,2798445.732,2276.913
276508.503,2798446.021,2275.503
276508.405,2798445.977,2274.694
276508.334,2798445.828,2274.579
276508.572,2798446.223,2274.9
276508.458,2798446.113,2276.018
276515.709,2798442.304,2275.075
276508.361,2798445.916,2276.996
276522.867,2798438.524,2276.715
276515.537,2798442.348,2274.284
276522.608,2798437.845,2275.813
276522.866,2798438.316,2275.64
276522.768,2798438.172,2275.999
276508.465,2798445.9,2276.613
276522.824,2798438.311,2275.887
276522.76,2798438.137,2275.272
276515.641,2798442.247,2275.279
276508.389,2798445.726,2276.217
276522.933,2798438.509,2274.894
276515.581,2798441.778,2276.666
276508.556,2798446.269,2276.006
276508.404,2798446.03,2274.517
276522.627,2798437.96,2276.839
276515.613,2798441.848,2276.462
276515.727,2798442.19,2274.344
276522.689,2798438.022,2276.467
276522.978,2798438.506,2275.093
276515.614,2798442.188,2275.556
276508.418,2798446.024,2275.085
276508.304,2798445.76,2275.123
276515.658,2798442.256,2275.794
276508.497,2798446.258,2274.732
276508.299,2798445.939,2274.866
276515.47,2798442.204,2274.485
276515.652,2798442.317,2274.78
276508.231,2798445.889,2276.043
276522.667,2798438.091,2275.108
276522.724,2798438.131,2275.824
276515.655,2798442.324,2276.117
276522.834,2798438.494,2274.561
276508.253,2798446.028,2276.506
276508.321,2798446.277,2274.952
276515.591,2798442.311,2276.317
276508.451,2798445.827,2275.265
276522.652,2798438.028,2275.587
276508.48,2798446.116,2275.79
276522.765,2798438.4,2274.873
276522.744,2798438.164,2276.578
276508.437,2798445.842,2275.009
276522.565,2798438.115,2276.617
276522.683,2798438.132,2274.664
276515.572,2798442.34,2275.462
276508.416,2798446.292,2274.551
276522.623,2798437.931,2275.296
276508.393,2798445.66,2276.689
276522.919,2798438.447,2276.312
276508.505,2798446.261,2275.676
276522.998,2798438.529,2275.422
276522.723,2798438.312,2276.103
276522.541,2798437.821,2276.197
276522.623,2798437.931,2275.296
276508.334,2798445.828,2274.579
276515.537,2798442.348,2274.284
276522.608,2798437.845,2275.813
276515.641,2798442.247,2275.279
276515.613,2798441.848,2276.462
276515.614,2798442.188,2275.556
276508.454,2798446.233,2276.704
276522.919,2798438.447,2276.312
276522.652,2798438.028,2275.587
276508.637,2798446.258,2275.448
276508.505,2798446.261,2275.676
276522.829,2798438.447,2275.432
276508.464,2798446.314,2275.394
276522.772,2798438.389,2275.238
276508.372,2798445.713,2274.886
276508.512,2798446.068,2276.189
276522.707,2798438.077,2274.88
276522.866,2798438.49,2276.492
276508.454,2798446.233,2276.704
276515.586,2798441.828,2276.853
276508.313,2798445.603,2275.635
276508.432,2798446.29,2275.217
276522.808,2798438.46,2276.041
276515.429,2798441.722,2274.691
276508.372,2798445.713,2274.886
276522.668,2798438.193,2276.8
276522.933,2798438.509,2274.894
276515.752,2798442.178,2274.917
276508.572,2798446.223,2274.9
276522.707,2798438.077,2274.88
276522.855,2798438.3,2274.54
276508.299,2798445.939,2274.866
276515.655,2798442.324,2276.117
276522.998,2798438.529,2275.422
276508.416,2798446.292,2274.551
276515.752,2798442.178,2274.917
276508.598,2798446.149,2274.584
276508.637,2798446.258,2275.448
276522.855,2798438.3,2274.54
276508.265,2798445.84,2275.53
276508.549,2798446.215,2276.89
276508.44,2798446.176,2276.414
276508.325,2798446.216,2276.933
276522.867,2798438.524,2276.715
276522.541,2798437.821,2276.197
276522.741,2798438.152,2274.488
276522.833,2798438.44,2276.94
